3.09827 1.92637 0.96198 3.80601 1.06114 4.13164 0.34911 3.84018 2.17413 2.08537 0.91202 2.91145 0.06896 3.18429 3.46822 0.90995 2.26992 2.91698 1.75082 2.74316 3.88902 1.48667 3.66667 3.65555 1.84132 4.33012 3.52764 0.87601 1.19541 2.98114 1.82168 3.78375 0.93726 1.72916 1.63086 1.17765 2.75474 1.91901 2.13774 2.66285 1.20287 2.73396 1.96105 0.97147 2.43732 3.18739 4.01558 0.75651 1.39419 4.43294 4.65416 4.03600 4.02961 1.58107 4.48997 0.71823 3.83366 1.00230 0.25186 4.16247 0.01211 3.70260 3.54428 4.37840 2.33829 0.20092 0.48306 2.55206 3.96001 2.42824 3.89184 3.11881 4.28608 2.33370 2.36822 3.54984 3.24810 4.03906 1.87779 0.54830 3.65119 1.76525 4.18733 2.08504 3.29746 2.18340 1.99961 0.96842 3.03482 3.96142 4.96257 2.71484 3.68802 0.81084 4.17079 1.84962 0.94619 0.33777 0.49857 4.35430 
1.92637 0.07957 0.09760 0.25906 3.42586 0.84691 3.90235 3.69579 1.61503 4.03283 0.16940 4.61917 3.55976 0.76183 0.79414 4.80673 3.17300 0.50334 2.12024 2.31002 1.23044 1.58112 1.33910 3.54003 4.73870 4.99235 4.42418 3.43677 2.35271 3.53048 4.17277 4.43414 4.01263 4.08232 0.34204 2.59095 2.14905 3.67048 3.31089 4.72011 2.47500 4.35917 3.33622 3.67489 3.96440 2.70083 0.78925 4.97200 3.98040 0.52873 2.82397 2.49161 0.23963 1.79190 1.63921 2.20398 2.90667 3.87206 1.82333 2.35740 2.34026 4.64309 3.51709 2.71467 0.04164 2.05234 1.17565 1.65121 2.07528 1.47672 0.26389 2.90209 2.48249 0.68549 2.06491 1.65391 4.03457 0.21588 2.03560 0.47680 4.56909 1.01723 4.49623 3.24977 4.32367 0.66619 4.41545 0.98606 0.27653 1.51151 4.24479 2.06376 2.88112 0.12378 0.09562 0.32849 3.55122 4.14790 4.54119 3.39043 
0.96198 0.09760 3.32631 3.46575 4.29943 2.98663 1.79100 3.75051 1.42034 0.83349 1.20466 2.44429 4.10394 3.03364 4.04159 0.72622 3.22842 0.92023 3.57214 2.60196 2.21858 0.58117 4.51012 4.17719 0.25619 0.08041 0.09275 1.95322 2.57716 0.22660 3.68124 3.47058 4.84657 0.28713 3.20997 3.33604 3.30857 0.23088 3.66159 1.99816 0.61073 0.34494 2.49750 2.12741 2.26575 1.61244 1.37619 2.03857 1.57930 1.28087 0.99441 2.83801 1.31311 0.07774 2.89305 4.34764 3.21378 1.54441 4.18672 1.95365 2.99915 0.72573 4.46209 0.34469 2.20843 0.75530 0.30964 0.27509 2.07424 0.76150 0.82043 3.53755 0.92364 4.55088 3.81406 0.92268 4.55266 4.03319 3.93790 0.13453 0.10950 2.67994 2.16576 4.11860 3.66350 3.06683 0.65512 1.62853 0.30184 2.86576 4.62758 1.83729 0.08688 4.41536 0.60096 4.50666 2.90276 4.11829 0.31206 4.42292 
3.80601 0.25906 3.46575 3.32982 1.56072 1.36721 4.13814 1.49389 0.11384 1.58644 2.31330 1.96051 1.31232 1.16506 1.32383 2.37317 0.98065 2.86186 4.08069 2.68997 4.63030 0.09160 0.95285 0.65420 0.32926 3.90501 2.10238 1.96730 1.06868 4.69390 2.70474 4.52246 3.64911 1.07341 4.30805 3.83716 2.58139 1.73422 3.76001 0.40363 4.25635 4.29416 4.61562 4.29788 2.26313 0.93181 3.03787 0.86662 3.82222 2.18141 0.86377 0.29380 1.70767 2.98524 0.56635 0.05775 1.13771 2.41916 2.27680 0.77732 2.05738 3.36368 4.20876 3.34208 0.17720 4.42364 3.75630 2.98409 3.49091 4.19633 4.11937 3.61431 1.71236 1.34366 1.58413 4.17914 0.85006 1.08637 2.98211 1.43395 1.69724 3.65722 4.44250 2.65213 4.34210 3.82909 2.29802 4.73799 4.39659 1.97941 0.00949 1.66663 3.77037 4.82338 1.73013 1.38942 3.76150 2.20912 0.77212 1.40158 
1.06114 3.42586 4.29943 1.56072 2.54405 1.43161 4.78912 4.23083 2.87009 1.81115 3.11411 1.66210 3.79687 3.66501 4.94859 3.62980 3.34557 1.85538 1.18183 2.28235 0.30511 1.35010 1.61582 1.72663 4.54011 0.41628 1.50938 3.69508 2.53646 0.36587 0.25189 0.72432 0.93000 4.07355 0.89265 2.10035 0.08470 0.63287 0.33467 4.59754 0.60628 0.54874 3.54200 2.03007 0.94873 4.28190 3.78863 4.53906 2.96453 1.96292 4.11492 3.87596 0.60030 0.83345 4.96752 3.31118 4.69867 4.80674 0.83208 0.12461 3.55087 2.27891 1.26902 2.42434 4.98570 4.47714 2.51438 1.62700 4.17650 4.66993 0.98484 3.72647 3.31189 4.15381 0.04334 4.21861 0.88821 4.19462 2.04564 3.55364 1.73555 4.86358 1.44364 1.40203 3.34594 4.74774 1.90671 3.06662 2.50773 0.81269 0.51416 0.60560 1.30569 0.68623 4.93883 2.77760 1.87894 1.45413 1.69254 3.73973 
4.13164 0.84691 2.98663 1.36721 1.43161 0.86243 2.80260 4.33797 2.55741 1.60913 4.30166 3.62842 2.38667 4.30520 2.54562 0.74817 0.60623 1.16725 0.20193 0.76174 3.98014 3.53648 4.17093 4.50395 0.96909 0.85807 0.63278 1.05513 2.75794 4.02423 1.81418 2.64156 4.18257 4.14613 4.60848 3.91306 3.10357 1.55320 3.44458 0.60312 4.55018 1.25999 0.94153 0.23558 3.13234 2.62070 1.27927 1.86304 0.36120 0.75484 4.93580 1.50071 3.02288 1.18296 3.51702 1.54312 0.09153 1.08751 2.06753 1.74708 0.64644 4.59932 0.18434 2.45110 3.25487 0.41495 4.84799 0.33726 1.50508 0.04470 1.47799 3.87653 4.10877 4.76604 2.85575 4.42214 0.85312 4.36457 0.23485 4.90862 4.86239 2.45602 4.87694 3.09821 3.14781 0.33234 1.06357 0.00286 2.38152 1.11394 1.19771 0.35192 2.65091 0.53543 2.23182 0.01591 3.64122 2.97588 3.35653 1.01915 
0.34911 3.90235 1.79100 4.13814 4.78912 2.80260 4.08669 1.66420 2.61884 1.95310 0.33767 4.15983 3.08233 3.15301 3.75069 1.80710 4.91524 0.22836 2.13802 4.48323 1.71997 1.38928 4.35911 1.46570 2.77998 1.32323 1.02096 1.00987 1.17593 4.12632 1.23066 0.39476 3.84930 2.35000 1.04029 0.92018 2.30474 2.59540 3.10049 2.04555 2.33311 2.17317 3.63013 2.48749 1.70072 2.18698 2.98023 0.34459 4.43139 1.42437 3.26263 1.91235 3.05967 0.72008 2.99856 4.77539 1.95654 4.95749 1.86795 3.51830 4.63166 4.69432 2.08366 4.24724 4.35702 2.03420 2.93065 1.34428 4.79882 2.94800 1.68158 3.03328 1.80379 0.80434 2.58846 1.48287 3.48088 2.56059 2.44430 3.13876 2.12263 4.45121 0.37601 1.60773 2.89644 4.28440 3.96622 1.82104 2.13425 1.70901 1.48056 2.01001 2.18941 4.26756 0.20009 0.62439 4.39833 4.32749 0.50574 1.12054 
3.84018 3.69579 3.75051 1.49389 4.23083 4.33797 1.66420 1.56777 0.33949 0.14094 3.21558 3.44852 3.45850 3.77640 2.93309 2.89567 4.66974 1.73121 3.51008 1.35265 0.86984 3.15919 3.96372 0.13014 0.18273 1.71054 3.06453 0.83549 4.35346 4.22273 3.38231 4.60023 0.71319 0.31055 2.47715 0.26120 4.68851 0.31586 1.73444 1.88880 4.52095 2.27783 0.58617 3.48819 4.04404 1.80352 1.23536 3.99646 2.44889 4.69792 2.58506 3.98143 2.76170 1.26744 3.96254 2.54218 0.70407 2.48804 3.78386 1.59540 3.04595 0.95218 3.39915 0.98649 3.96941 4.22868 4.63755 2.12542 4.20725 3.11722 4.68821 1.25103 2.31256 4.21178 4.83516 4.06615 4.75314 2.24159 4.64541 2.65208 0.14798 1.19754 4.69733 4.01277 1.80295 0.22033 4.04859 3.76588 2.33029 0.39251 0.86582 1.79402 3.01354 1.79029 1.97262 0.69996 1.30871 2.58844 0.28433 3.73560 
2.17413 1.61503 1.42034 0.11384 2.87009 2.55741 2.61884 0.33949 0.44684 2.42796 4.97078 3.25756 0.15688 3.23400 1.76868 2.41835 4.58429 4.87304 2.71713 3.65101 4.20695 4.45123 3.04280 3.91772 4.99891 3.24882 1.31913 0.74511 3.96329 4.65379 2.97775 3.78934 2.03277 0.47410 0.88589 1.29312 3.94871 3.47581 3.91243 0.99997 1.19560 0.29130 0.09423 3.26572 1.14475 4.17840 2.35757 4.59416 3.89994 4.77146 2.43374 0.16686 2.72794 1.56478 3.08852 1.13377 4.57859 1.59934 1.53144 4.18122 0.87470 0.70595 1.61804 1.85097 0.19237 2.79030 1.45758 0.10385 2.51071 0.45507 3.30646 2.01493 3.62911 2.74561 2.19657 1.26564 4.01386 0.81214 3.91485 1.22802 2.51928 3.71406 0.53036 3.08714 0.04514 4.68962 1.23564 2.23976 4.54940 0.79494 2.42628 4.46829 1.87824 2.52519 0.54565 2.39472 4.44117 1.59122 4.64744 1.95324 
2.08537 4.03283 0.83349 1.58644 1.81115 1.60913 1.95310 0.14094 2.42796 3.82589 2.48962 3.01798 1.01542 1.38253 2.50160 0.71099 1.49711 1.61995 4.74569 0.90218 2.86186 3.84623 4.42625 4.50790 2.70530 3.89233 0.32838 1.23614 2.30667 1.41208 0.35345 3.86785 0.61655 2.22484 3.73708 1.08845 0.01787 0.42114 0.89291 1.10358 0.45689 1.58908 3.25731 1.84673 3.75101 2.03309 1.32648 3.10147 1.30472 1.38073 4.36242 2.86516 2.31828 2.53253 0.15819 4.83844 0.27609 2.66800 4.28504 0.86351 1.92412 1.53566 4.46272 2.30009 4.66423 4.72029 4.99349 0.83052 1.83529 4.08556 1.55522 3.65094 0.44926 3.36035 2.36031 1.82581 1.78786 2.49262 4.63519 1.16480 1.73127 0.19236 1.26772 1.99759 1.62456 3.17602 2.09338 0.86199 1.93412 0.29823 4.75950 1.33738 4.40265 2.69269 1.11279 2.01947 4.07755 1.56563 0.11895 3.17836 
0.91202 0.16940 1.20466 2.31330 3.11411 4.30166 0.33767 3.21558 4.97078 2.48962 2.61628 0.60238 1.04391 4.72132 4.02154 1.41407 0.92952 1.21069 3.23639 4.81042 0.78867 0.39906 2.34945 1.31869 1.75767 2.83464 0.98741 2.55410 2.08931 2.87467 2.47579 1.19710 1.08682 2.00198 0.65185 2.25457 2.18522 0.76405 4.63912 4.42017 3.52658 0.30598 3.22227 3.04275 4.77479 1.22472 2.67257 4.93578 4.12348 3.97215 2.40472 4.88606 2.59908 4.93842 2.83185 0.75309 0.80723 1.57483 2.31848 2.89225 3.25011 2.90823 1.50446 2.82491 0.62085 2.75858 4.23415 4.54706 1.99932 2.11911 1.32448 0.18714 1.40353 1.97889 4.84520 3.35465 1.53994 4.36211 3.07325 1.06664 3.02186 3.29319 0.87798 1.59257 3.54218 0.55441 3.75916 0.55293 1.07794 2.53107 4.81076 3.66784 0.83126 1.70109 4.43886 3.34390 1.26249 1.75175 4.09456 4.86593 
2.91145 4.61917 2.44429 1.96051 1.66210 3.62842 4.15983 3.44852 3.25756 3.01798 0.60238 1.81555 2.23905 4.66709 0.02204 4.16601 2.75702 1.54678 3.12172 0.51584 1.87963 3.94406 2.29553 3.41343 1.56972 2.52332 3.80960 1.17662 3.22359 4.16679 1.64679 4.44522 4.21048 0.06562 4.44899 0.97628 4.36070 0.88489 1.87172 2.13247 0.80963 2.46601 2.65274 2.79580 3.38578 0.11143 4.06364 2.68376 0.07655 3.59844 1.60726 2.35370 0.26416 1.54598 2.69885 3.97862 4.41530 4.92071 2.86683 0.27034 0.76159 3.32963 3.61421 3.54510 2.52315 4.27069 1.26863 4.78553 2.21731 2.87058 3.83256 4.88860 1.13800 0.45061 1.33088 4.92084 1.78346 2.85449 4.38761 0.77413 0.71062 4.12217 3.58333 1.85165 4.38031 1.28462 0.52795 1.36652 1.16966 4.71958 2.89754 3.13397 0.02359 4.28515 3.93823 0.84057 3.61986 4.92861 4.03370 0.21697 
0.06896 3.55976 4.10394 1.31232 3.79687 2.38667 3.08233 3.45850 0.15688 1.01542 1.04391 2.23905 3.36917 0.44443 3.90587 3.18760 1.76836 3.77662 2.30161 4.36470 2.28970 0.67554 3.68279 1.46562 3.10896 1.53201 4.44504 4.70910 2.04885 2.92768 4.64419 4.66654 4.41121 4.42114 1.60226 4.66126 2.17120 1.59484 4.23046 2.70739 3.85863 4.63639 2.46955 4.31899 4.41920 2.13695 4.07284 2.79150 3.25982 1.23120 0.60041 1.82616 2.38313 2.25412 2.15020 4.53106 3.11644 0.27644 0.11002 0.86308 1.06647 1.93565 2.30174 1.77445 0.97344 3.08661 3.92269 4.57656 3.50575 0.84380 0.92892 1.03952 4.40021 4.41568 3.09943 3.29522 0.90288 2.78555 4.26038 4.81847 4.15499 3.26902 4.71338 4.31720 2.96736 3.47633 0.12464 2.79020 0.57049 2.38148 4.20301 1.90653 1.16703 4.40581 0.77793 0.15310 1.96516 3.47109 1.12568 4.38929 
3.18429 0.76183 3.03364 1.16506 3.66501 4.30520 3.15301 3.77640 3.23400 1.38253 4.72132 4.66709 0.44443 4.36795 2.37874 2.96841 4.87398 2.93249 4.09378 4.75917 2.90150 3.90777 1.22266 3.08294 4.63825 2.68966 3.29653 3.05384 2.90851 3.49142 4.22948 3.91892 4.68188 4.27747 2.29461 0.02559 0.08879 3.42417 3.12955 0.35133 4.48757 4.29478 3.08334 2.79740 1.55550 3.60402 1.78420 3.92369 4.53532 0.02381 2.23544 0.14704 1.67471 0.38428 0.32716 1.18183 3.91211 1.25653 4.13209 4.59908 3.93206 3.88654 3.18490 2.39082 0.60577 2.86792 2.52941 4.81115 1.39796 4.59532 2.26287 1.12747 3.73489 1.19834 1.67127 4.24767 3.34641 1.09816 4.59703 1.12515 0.79957 2.60513 3.12541 0.90872 4.49373 4.64792 1.93910 4.66232 3.27733 1.12269 2.14189 1.18727 1.14068 0.81931 3.06909 1.73268 0.53360 4.03071 2.61109 3.76489 
3.46822 0.79414 4.04159 1.32383 4.94859 2.54562 3.75069 2.93309 1.76868 2.50160 4.02154 0.02204 3.90587 2.37874 0.22541 3.90715 3.11027 1.21220 0.06827 4.27157 2.63320 1.82445 2.92404 0.87148 2.75920 4.24730 1.57776 2.08119 3.30183 3.75747 3.97244 3.57291 4.13765 1.12829 3.17621 4.90118 1.55161 3.97451 1.32464 0.76137 3.92319 0.98360 0.38989 4.62612 3.82269 1.38910 3.11223 4.78239 3.52186 3.73270 2.21589 4.50580 0.85495 3.63849 0.12377 2.24731 0.30886 0.86976 3.61894 4.57049 0.14034 0.12938 2.18472 2.97724 3.38239 0.81461 0.32958 4.27626 1.43387 1.55207 0.88531 2.37536 1.85066 0.76436 4.70228 4.17781 2.25210 2.59353 4.07776 4.00809 3.40377 0.20622 0.69421 4.82777 4.47268 3.19809 4.44404 1.58291 0.80971 1.51105 1.73276 0.77425 4.98899 1.87391 0.22147 2.69911 4.01786 0.31714 2.35490 0.48276 
0.90995 4.80673 0.72622 2.37317 3.62980 0.74817 1.80710 2.89567 2.41835 0.71099 1.41407 4.16601 3.18760 2.96841 3.90715 2.87146 2.22374 0.86581 0.71737 0.75328 2.73497 3.02139 4.24371 2.63992 1.09091 4.03016 0.84525 3.84184 2.75634 2.43580 1.64339 3.06153 3.45411 2.74303 2.06761 4.01863 1.63491 3.03153 2.97424 3.35399 0.47944 3.07970 2.86478 2.64137 1.42040 3.02889 0.03926 3.79640 2.94337 2.93873 0.75578 4.55542 2.27488 2.61011 1.16577 0.52801 2.57766 1.75899 3.57989 2.33857 2.67705 2.31171 2.88533 4.75003 3.75502 4.14237 4.08731 4.29156 3.12937 3.69191 1.65948 4.63613 2.33408 2.38359 3.84785 4.83413 2.52290 0.69461 3.23514 4.00469 2.41257 3.85087 2.70647 2.41661 1.88581 4.90254 4.69871 0.20885 0.19974 4.00982 1.01552 1.66340 2.84431 4.04838 0.06463 4.76025 2.21218 4.63789 3.65547 3.22774 
2.26992 3.17300 3.22842 0.98065 3.34557 0.60623 4.91524 4.66974 4.58429 1.49711 0.92952 2.75702 1.76836 4.87398 3.11027 2.22374 2.75844 0.73600 4.28194 3.91808 2.52158 4.43768 2.41987 1.75563 0.16013 2.31315 2.87161 2.84695 0.83852 0.82497 1.68449 4.43234 2.81731 3.23243 0.01757 0.97573 4.80365 2.14086 1.40699 4.81622 1.47545 3.03906 1.82609 2.87384 0.97530 3.91740 1.41043 4.05216 0.08644 1.33208 3.64105 3.30242 4.65241 1.11200 1.59249 4.10129 3.12514 0.65983 0.75661 2.09472 3.85200 0.41854 4.17206 0.32324 2.41491 4.33107 0.60423 4.17367 2.47260 2.86167 1.33576 3.60419 4.73606 3.54975 1.50768 2.32374 1.91798 1.88550 4.67913 0.23635 2.37500 2.11480 3.39720 0.30046 4.23005 1.05924 1.65087 0.92347 1.68692 2.16495 4.45360 1.48265 3.08555 3.33968 3.80310 3.61240 4.69097 1.09484 4.51284 3.55113 
2.91698 0.50334 0.92023 2.86186 1.85538 1.16725 0.22836 1.73121 4.87304 1.61995 1.21069 1.54678 3.77662 2.93249 1.21220 0.86581 0.73600 1.84784 0.55386 2.02662 3.33183 0.69466 2.81978 1.20373 2.61173 0.23343 2.39541 0.10732 0.85735 3.95275 1.02496 3.21406 0.77186 3.05231 3.76402 4.87860 0.81564 4.40627 2.89901 1.78432 4.42642 0.91175 2.71991 3.96402 3.79112 1.61814 4.12221 1.51410 1.41250 3.73510 3.67380 0.60572 1.10442 2.12493 4.55672 4.83220 3.75173 3.44040 1.68788 4.35610 0.19512 2.55761 4.16876 1.02987 3.91501 2.14794 3.92413 1.47399 2.95996 0.04944 0.20251 0.58536 1.41641 1.84171 3.34408 4.71103 3.97283 2.64553 4.52028 3.61853 3.07138 0.49627 2.73744 3.80012 0.24459 0.65572 4.32602 2.70566 4.43892 3.29921 4.03705 0.36488 4.06807 0.15176 0.19665 4.95762 1.80819 0.74834 3.66381 4.15774 
1.75082 2.12024 3.57214 4.08069 1.18183 0.20193 2.13802 3.51008 2.71713 4.74569 3.23639 3.12172 2.30161 4.09378 0.06827 0.71737 4.28194 0.55386 0.53801 2.09942 2.46030 1.21872 3.58725 3.08368 4.33732 1.50379 1.53536 4.93750 0.48085 1.47857 2.10467 2.72613 2.38707 1.57866 3.32235 4.76852 4.33508 0.10631 1.64461 3.13795 2.10342 1.68078 0.40700 0.70929 4.70165 2.31414 1.00154 3.79439 0.07905 3.97208 4.00492 3.36477 4.52042 4.33623 3.96304 1.76186 2.80892 3.25549 4.25142 1.83511 0.12606 4.16960 3.90736 0.71437 0.04020 3.23424 1.29823 4.14284 0.11184 2.36490 4.13691 3.08882 4.49379 2.35440 1.56720 2.47645 2.13722 3.27807 3.65976 0.47851 0.61501 4.77123 1.72672 3.18630 1.25745 1.39791 3.87842 1.29530 0.95338 2.19936 4.40745 2.04025 3.12352 4.84994 0.04819 3.19262 3.62037 3.40760 1.27984 2.84901 
2.74316 2.31002 2.60196 2.68997 2.28235 0.76174 4.48323 1.35265 3.65101 0.90218 4.81042 0.51584 4.36470 4.75917 4.27157 0.75328 3.91808 2.02662 2.09942 1.57797 3.94348 2.42713 0.73469 3.02829 4.90198 0.87895 2.20464 2.75472 1.67677 0.75565 1.32181 3.77530 3.90339 0.48095 4.74121 1.78048 0.44420 2.07542 4.43701 4.10839 3.07153 3.41069 2.02240 3.57096 4.79964 0.92603 0.86674 0.87010 0.55238 0.39159 3.88878 1.01653 4.02209 2.64208 4.66573 2.21437 3.83405 0.93624 3.85596 2.06028 0.40213 4.81439 1.28644 2.66348 1.58398 3.32062 4.94503 1.78554 4.62212 3.97601 0.47323 2.26989 4.11034 4.38455 4.14803 1.65050 3.33826 4.22707 2.23424 2.74576 0.34166 3.25781 2.58353 0.43418 1.08942 1.82199 3.44626 3.42789 2.25041 1.12374 4.28148 0.29132 3.95524 4.70863 1.42309 3.85647 1.46040 2.30139 4.45116 1.55256 
3.88902 1.23044 2.21858 4.63030 0.30511 3.98014 1.71997 0.86984 4.20695 2.86186 0.78867 1.87963 2.28970 2.90150 2.63320 2.73497 2.52158 3.33183 2.46030 3.94348 0.96532 3.63060 4.08279 2.56411 2.37208 0.25225 3.03272 1.55230 1.12154 1.68279 4.18683 3.39461 1.51591 0.59907 1.31014 0.81794 4.03729 2.14436 2.49172 1.30121 4.00150 1.88213 3.37216 4.41254 0.62006 0.00430 1.55362 4.11000 4.86821 3.57208 0.24802 2.08689 1.92807 0.84209 3.35671 0.17674 0.86302 4.80875 2.61589 3.16790 4.31695 1.62873 4.89816 4.21370 1.67231 1.44179 3.08451 0.78646 2.25906 1.57348 1.35580 4.81829 3.91628 3.21166 1.18240 0.13144 1.76589 2.35732 1.48888 2.39616 1.27858 2.32840 3.35398 1.90536 2.17311 0.96595 4.47790 0.23902 4.98801 4.28097 1.45818 0.05298 2.15819 4.86394 1.49670 4.49097 0.49548 1.44118 1.49275 2.13581 
1.48667 1.58112 0.58117 0.09160 1.35010 3.53648 1.38928 3.15919 4.45123 3.84623 0.39906 3.94406 0.67554 3.90777 1.82445 3.02139 4.43768 0.69466 1.21872 2.42713 3.63060 2.25198 3.43582 3.92780 0.61689 3.59639 4.91398 4.52627 1.43341 0.77882 1.46095 3.28164 4.77291 2.43731 0.13001 4.10979 1.96683 3.11344 4.88586 0.56103 3.17093 0.81535 1.87629 3.76149 1.15971 0.37852 1.31138 0.02376 1.12823 2.92966 4.81740 4.47002 4.77984 3.22340 2.42113 4.03997 0.99771 0.27681 1.07231 0.54638 0.13630 4.12208 3.04403 2.01476 4.58567 2.69516 2.08088 2.56882 1.24728 2.70799 1.66530 2.15259 0.98139 2.65815 2.81930 3.61172 3.83860 3.02311 4.97895 0.17673 4.94633 4.79226 2.40504 4.42702 3.58505 4.20092 4.50935 3.98525 4.14062 1.25289 1.26982 4.75545 2.96456 2.02525 1.41995 2.62440 0.50088 3.02960 1.37286 1.48484 
3.66667 1.33910 4.51012 0.95285 1.61582 4.17093 4.35911 3.96372 3.04280 4.42625 2.34945 2.29553 3.68279 1.22266 2.92404 4.24371 2.41987 2.81978 3.58725 0.73469 4.08279 3.43582 0.45951 3.01123 1.37479 1.89103 2.02548 2.47203 2.37687 4.94411 0.60989 0.14018 4.72141 2.33736 1.07217 3.32879 3.31586 2.22414 4.59996 0.14645 3.32332 3.44491 4.02791 1.37378 1.04636 1.05043 3.64289 1.30241 4.08639 0.25851 4.87168 1.25799 3.69257 4.39750 1.41721 2.97665 0.59504 0.82716 1.71872 3.56932 4.37148 4.73126 2.20449 3.85113 3.30296 4.38534 0.90796 0.20927 2.71485 2.49328 3.17910 4.57412 0.40724 1.32656 2.57459 1.10227 4.09339 1.19943 2.50945 2.79920 0.87590 1.67035 4.93554 0.94212 3.99162 1.31549 4.54376 4.01419 3.09575 3.90459 1.70835 1.14953 2.68285 1.89381 4.37441 0.29953 2.26075 0.79692 3.18231 4.46598 
3.65555 3.54003 4.17719 0.65420 1.72663 4.50395 1.46570 0.13014 3.91772 4.50790 1.31869 3.41343 1.46562 3.08294 0.87148 2.63992 1.75563 1.20373 3.08368 3.02829 2.56411 3.92780 3.01123 3.20952 2.80731 1.50140 1.17216 1.93093 3.01219 1.46568 2.64106 3.68729 1.30114 1.14856 0.96881 0.15722 0.14729 4.34396 1.48425 3.12000 4.49731 2.02537 0.80152 3.19029 2.10043 0.00168 2.14639 3.23783 4.43377 0.97278 4.97904 0.06906 1.52874 1.58348 2.87265 2.35247 4.19716 2.98325 1.92868 4.31985 0.51642 1.20053 1.62540 0.86085 2.71707 4.54297 3.07676 4.58736 1.47469 2.52421 1.91441 1.82286 1.82975 4.10889 4.84928 4.26613 3.72607 4.55143 1.89113 3.98857 2.29052 0.80335 3.94023 1.10429 3.18682 1.47462 0.26504 3.75732 0.51666 1.08598 4.26130 1.31095 3.05486 4.84426 1.88216 1.81315 4.97630 3.24561 0.53476 3.91448 
1.84132 4.73870 0.25619 0.32926 4.54011 0.96909 2.77998 0.18273 4.99891 2.70530 1.75767 1.56972 3.10896 4.63825 2.75920 1.09091 0.16013 2.61173 4.33732 4.90198 2.37208 0.61689 1.37479 2.80731 3.43492 4.37307 0.86928 4.60050 0.30393 1.04410 3.32016 4.99102 2.38818 2.79812 0.09231 0.37900 3.41941 0.73952 3.37628 2.91076 4.98064 3.19101 2.30295 4.32784 4.15490 0.01794 4.65077 4.93424 0.52268 3.98608 0.75529 2.05760 3.15300 3.07095 4.86333 2.33162 1.34163 2.78261 0.26231 0.93168 2.08915 3.17050 0.60199 0.69499 4.10982 4.66947 3.63195 3.79956 0.59311 2.61295 0.08764 4.26723 1.96252 4.41941 3.17359 0.10038 0.59638 4.83108 1.27840 2.92016 2.38333 4.40481 2.49773 4.80835 2.21651 4.80581 0.78342 2.88107 2.10907 1.49803 0.14537 1.36022 0.70422 1.64872 0.13465 2.42815 1.11171 1.53691 3.67814 0.53023 
4.33012 4.99235 0.08041 3.90501 0.41628 0.85807 1.32323 1.71054 3.24882 3.89233 2.83464 2.52332 1.53201 2.68966 4.24730 4.03016 2.31315 0.23343 1.50379 0.87895 0.25225 3.59639 1.89103 1.50140 4.37307 1.42556 1.37168 0.32557 1.55429 3.05197 4.15937 0.73642 3.19958 4.32872 3.41207 3.16751 0.03279 4.46735 3.94126 2.22966 1.10496 0.85418 1.43976 3.93688 1.40967 4.35662 0.80750 2.26174 0.94480 4.78661 2.33633 3.99087 1.19420 4.75366 3.62900 4.61401 3.67182 4.11855 2.00771 4.51453 0.92245 1.34535 0.76658 1.60934 2.40740 3.59808 2.86798 3.32866 0.82871 1.18144 0.07782 2.96318 4.17536 2.26676 0.41502 0.73584 2.57478 2.04849 3.56404 4.79054 2.57215 1.95911 0.30832 2.71104 4.85976 0.13620 3.40199 2.28311 0.56559 1.43101 2.75426 0.35360 3.76106 4.21062 1.57831 3.69632 4.84541 1.51219 2.80638 3.40889 
3.52764 4.42418 0.09275 2.10238 1.50938 0.63278 1.02096 3.06453 1.31913 0.32838 0.98741 3.80960 4.44504 3.29653 1.57776 0.84525 2.87161 2.39541 1.53536 2.20464 3.03272 4.91398 2.02548 1.17216 0.86928 1.37168 1.34183 0.62757 4.72491 3.19345 0.53701 4.43654 3.39589 2.84104 0.40107 4.16853 4.03943 0.78252 2.63347 0.29428 2.52203 2.89183 0.23953 4.86230 2.36732 4.05125 3.20107 0.37095 2.05241 1.79668 2.96796 0.66721 1.62078 3.65640 1.27028 0.99110 3.01016 2.34484 2.19378 0.13236 3.71459 2.55614 0.33651 2.36807 1.05773 3.76904 0.88812 2.93025 2.11017 2.78733 1.56411 4.87644 1.12661 0.02876 2.85713 4.45929 3.87625 3.18465 4.11226 0.11001 1.78737 1.41168 2.51999 3.55116 3.89867 1.81416 2.48272 1.06554 3.00669 1.51970 0.63029 4.68655 3.50114 3.05137 4.42729 4.80157 0.39548 0.12832 4.16877 3.02193 
0.87601 3.43677 1.95322 1.96730 3.69508 1.05513 1.00987 0.83549 0.74511 1.23614 2.55410 1.17662 4.70910 3.05384 2.08119 3.84184 2.84695 0.10732 4.93750 2.75472 1.55230 4.52627 2.47203 1.93093 4.60050 0.32557 0.62757 0.27541 1.17211 1.74657 1.96140 4.91704 4.11264 1.88183 1.96091 4.36141 0.04458 0.26201 0.62071 4.29424 3.61858 2.84420 3.96528 3.76659 2.01154 4.34953 2.02293 1.03164 3.92421 3.98320 0.79462 2.56866 3.33402 0.68574 2.89904 2.05165 4.98428 3.71824 4.38697 1.00703 3.63158 0.27675 3.23381 1.43270 0.48000 2.74096 4.14952 0.53549 2.59840 2.41477 4.53636 0.63328 1.30642 4.48991 0.51458 4.88260 3.90105 3.93906 1.90106 4.88727 4.82142 2.05833 3.23461 0.04577 3.57044 2.06556 3.40292 0.16393 0.85321 0.11408 1.03928 1.93161 3.38943 4.09355 2.66214 2.20038 3.41730 4.90815 1.95850 0.04689 
1.19541 2.35271 2.57716 1.06868 2.53646 2.75794 1.17593 4.35346 3.96329 2.30667 2.08931 3.22359 2.04885 2.90851 3.30183 2.75634 0.83852 0.85735 0.48085 1.67677 1.12154 1.43341 2.37687 3.01219 0.30393 1.55429 4.72491 1.17211 3.74693 2.49758 4.73358 2.63481 3.32912 2.60148 0.82677 4.24375 0.18049 4.26985 1.82948 2.19529 1.41545 0.94910 2.22806 4.02726 3.36159 3.89036 3.76751 2.23225 4.82512 1.84681 3.41400 1.34453 3.59124 4.97160 3.45142 3.62195 0.01917 2.36741 2.53477 3.09239 2.96831 1.44930 0.13755 1.21349 0.38037 4.69195 2.85800 3.80372 1.26894 0.17264 2.71842 2.54417 4.02413 0.77596 3.52011 2.10279 0.23254 2.88461 1.76299 1.50545 3.31543 0.68148 1.75318 1.55605 0.38866 1.87747 2.59346 1.00645 1.80047 4.25286 0.46146 2.48695 4.77825 0.05821 2.24981 3.45227 1.74721 4.21736 3.48364 1.17235 
2.98114 3.53048 0.22660 4.69390 0.36587 4.02423 4.12632 4.22273 4.65379 1.41208 2.87467 4.16679 2.92768 3.49142 3.75747 2.43580 0.82497 3.95275 1.47857 0.75565 1.68279 0.77882 4.94411 1.46568 1.04410 3.05197 3.19345 1.74657 2.49758 4.92425 2.76559 0.79550 4.03113 1.25554 4.85154 3.86980 1.59272 1.18845 0.44280 2.05211 4.38738 3.94567 4.06987 3.02673 2.56949 2.21515 3.18901 0.51495 3.24678 1.56229 3.16434 0.64079 4.69041 1.50663 0.28785 4.89883 0.95580 0.44271 2.45192 1.87438 1.89737 3.30192 0.04283 4.49002 1.69849 1.68847 2.77167 4.45045 1.99079 4.83691 2.63696 2.23954 0.36264 2.05301 2.11357 3.88856 3.59131 2.75299 1.27802 3.32297 0.64089 3.01187 3.65878 0.33702 4.29133 2.89059 4.59110 4.71319 1.97336 4.21744 1.16398 0.15732 0.82801 4.95535 1.07628 0.16491 0.36469 4.55674 4.93211 4.66026 
1.82168 4.17277 3.68124 2.70474 0.25189 1.81418 1.23066 3.38231 2.97775 0.35345 2.47579 1.64679 4.64419 4.22948 3.97244 1.64339 1.68449 1.02496 2.10467 1.32181 4.18683 1.46095 0.60989 2.64106 3.32016 4.15937 0.53701 1.96140 4.73358 2.76559 2.11399 1.57665 4.46237 0.89387 1.94178 4.32871 1.57776 2.16775 4.87340 0.09181 1.95623 0.14839 3.35751 0.63640 3.41734 2.87966 4.44778 4.98395 0.71260 4.81735 4.79140 4.94989 3.59268 3.86231 0.06075 4.27753 1.33071 4.19637 4.34976 1.93750 0.97109 3.84303 4.45940 4.35274 0.82163 0.04230 2.12605 2.08551 4.45587 4.39497 2.38721 4.57843 1.28450 3.08675 3.04639 2.33072 4.58833 0.52673 0.78523 0.88311 4.47944 4.25021 4.89549 3.91578 1.22550 4.65344 0.96706 0.88415 1.59214 3.90113 1.59532 4.94340 4.63761 3.41907 4.26802 2.47814 1.74700 4.63788 1.89170 1.65386 
3.78375 4.43414 3.47058 4.52246 0.72432 2.64156 0.39476 4.60023 3.78934 3.86785 1.19710 4.44522 4.66654 3.91892 3.57291 3.06153 4.43234 3.21406 2.72613 3.77530 3.39461 3.28164 0.14018 3.68729 4.99102 0.73642 4.43654 4.91704 2.63481 0.79550 1.57665 3.58495 1.86407 2.83008 2.85820 2.24536 2.23689 0.09314 2.27898 2.80594 3.98826 1.25142 0.76927 3.08011 0.60621 3.40192 0.43631 3.87653 2.84566 2.80315 1.43804 3.00952 4.81140 4.67919 1.41865 2.58559 1.92623 0.79574 1.02166 4.36094 1.49956 0.19377 4.40714 2.81180 2.72874 1.46350 0.60763 3.77881 3.33723 4.01849 1.59013 1.38468 1.10991 4.42827 3.76714 1.33171 3.39915 4.25876 1.40525 0.56548 2.20657 0.40180 1.41514 0.74959 1.79745 1.22446 2.63899 4.59366 0.47111 3.29123 3.26238 4.07504 0.22479 3.98946 3.91573 4.20998 2.63441 0.28342 1.45855 4.68139 
0.93726 4.01263 4.84657 3.64911 0.93000 4.18257 3.84930 0.71319 2.03277 0.61655 1.08682 4.21048 4.41121 4.68188 4.13765 3.45411 2.81731 0.77186 2.38707 3.90339 1.51591 4.77291 4.72141 1.30114 2.38818 3.19958 3.39589 4.11264 3.32912 4.03113 4.46237 1.86407 0.49965 4.52221 4.18737 3.18970 2.21673 3.80088 4.12001 3.43555 0.64861 2.71650 4.19499 3.69760 4.54337 3.44614 4.31173 3.76520 1.53785 1.20309 1.51560 2.71093 1.09041 4.18090 3.71034 2.52720 3.57479 0.78098 2.72998 4.84748 1.38526 4.02259 4.61360 4.86853 1.54106 0.67142 0.45151 2.68281 4.61715 0.48344 4.18122 2.72090 1.18913 2.56813 0.44152 4.04422 1.57493 4.82561 0.79321 3.17673 3.83739 3.63405 4.80291 1.82834 0.52244 1.96095 4.19385 4.75700 4.83250 1.17798 1.29212 0.60529 3.14638 1.48500 3.65314 1.50020 3.41269 0.73358 1.11818 0.64435 
1.72916 4.08232 0.28713 1.07341 4.07355 4.14613 2.35000 0.31055 0.47410 2.22484 2.00198 0.06562 4.42114 4.27747 1.12829 2.74303 3.23243 3.05231 1.57866 0.48095 0.59907 2.43731 2.33736 1.14856 2.79812 4.32872 2.84104 1.88183 2.60148 1.25554 0.89387 2.83008 4.52221 3.76700 1.90231 1.72208 1.87706 0.20191 4.65888 3.20822 4.02422 1.58911 0.57375 0.28417 1.76691 4.29260 0.17607 1.81025 4.17591 1.88883 1.29633 0.51296 3.11952 4.63320 3.97951 1.47709 4.54665 2.68115 4.71221 4.03357 2.46985 0.22690 0.15390 3.92902 4.07074 3.59381 3.93603 4.05612 1.17379 0.46928 4.16538 0.02864 1.78618 3.38511 3.88822 2.49995 2.08888 0.80503 3.11477 2.11750 0.24578 1.78631 2.82687 2.15958 0.43728 4.76773 1.27542 2.26217 2.33715 0.12370 3.48185 1.77707 4.75658 1.38178 0.17732 0.53670 3.74794 3.48120 4.01239 1.47987 
1.63086 0.34204 3.20997 4.30805 0.89265 4.60848 1.04029 2.47715 0.88589 3.73708 0.65185 4.44899 1.60226 2.29461 3.17621 2.06761 0.01757 3.76402 3.32235 4.74121 1.31014 0.13001 1.07217 0.96881 0.09231 3.41207 0.40107 1.96091 0.82677 4.85154 1.94178 2.85820 4.18737 1.90231 2.16989 1.85176 4.14445 4.32820 3.59133 0.00109 0.73268 1.41954 0.68752 1.44203 0.24446 4.79457 3.64096 0.28871 0.18031 2.60380 4.89055 1.45840 1.06744 0.02570 2.21556 1.78656 2.63810 0.85273 0.14063 2.28333 4.61500 1.16394 2.00058 4.41345 2.66258 2.52989 4.41020 1.48780 2.85128 2.72469 1.99735 4.72683 4.52086 4.19994 0.93408 1.14538 4.14440 1.62486 2.34989 1.35911 1.69249 2.64674 4.14595 0.60760 4.90968 0.97450 2.01550 4.50346 4.75414 1.74908 0.78219 0.16528 2.25543 4.51632 3.11695 1.78019 1.03228 3.55634 2.61075 2.21620 
1.17765 2.59095 3.33604 3.83716 2.10035 3.91306 0.92018 0.26120 1.29312 1.08845 2.25457 0.97628 4.66126 0.02559 4.90118 4.01863 0.97573 4.87860 4.76852 1.78048 0.81794 4.10979 3.32879 0.15722 0.37900 3.16751 4.16853 4.36141 4.24375 3.86980 4.32871 2.24536 3.18970 1.72208 1.85176 2.32732 0.70778 2.34282 1.90170 2.38249 2.53189 1.97409 4.78737 3.34958 1.83255 3.94681 1.17213 4.33441 4.33975 1.22324 2.51896 3.06868 3.20038 0.73783 1.00731 0.62675 3.73805 2.16339 2.50666 2.41991 0.44910 3.94972 2.34132 1.84985 0.11289 1.83227 1.72109 0.75757 4.19740 0.03262 4.99762 0.51146 3.93703 1.28857 4.07473 2.91612 0.81384 2.21788 1.84637 2.34654 2.97008 4.60052 3.59127 4.70303 0.86540 2.17387 3.84331 0.10284 3.33030 0.89364 0.54694 1.16274 2.88792 2.19245 2.85200 1.35154 2.66304 3.14199 4.89974 1.09742 
2.75474 2.14905 3.30857 2.58139 0.08470 3.10357 2.30474 4.68851 3.94871 0.01787 2.18522 4.36070 2.17120 0.08879 1.55161 1.63491 4.80365 0.81564 4.33508 0.44420 4.03729 1.96683 3.31586 0.14729 3.41941 0.03279 4.03943 0.04458 0.18049 1.59272 1.57776 2.23689 2.21673 1.87706 4.14445 0.70778 4.48103 1.12395 4.48731 1.09580 0.50645 3.36845 0.80004 1.88108 0.37210 2.71309 3.08704 3.07992 4.61287 0.05760 2.48500 0.56248 3.01618 3.07935 0.31721 0.73806 1.42203 4.87829 0.39883 0.61580 0.50333 4.83192 2.84786 4.66373 4.10285 2.26367 1.95282 3.46909 4.02988 3.71322 2.99760 3.32987 2.58065 2.00236 3.94098 0.11688 2.95691 4.72397 4.23871 2.54447 1.74958 1.75769 3.26151 0.70662 4.52700 3.39922 0.97873 1.78744 1.63308 3.35045 4.25881 3.97773 2.63935 4.27620 4.09033 2.14214 1.60013 3.71593 4.69749 3.82753 
1.91901 3.67048 0.23088 1.73422 0.63287 1.55320 2.59540 0.31586 3.47581 0.42114 0.76405 0.88489 1.59484 3.42417 3.97451 3.03153 2.14086 4.40627 0.10631 2.07542 2.14436 3.11344 2.22414 4.34396 0.73952 4.46735 0.78252 0.26201 4.26985 1.18845 2.16775 0.09314 3.80088 0.20191 4.32820 2.34282 1.12395 0.69399 2.62370 0.24795 1.00847 4.87091 3.67763 3.10703 2.08024 2.40700 2.18702 4.24824 3.16427 4.45290 0.06743 2.99485 4.74306 1.67183 1.04315 4.14020 1.02803 2.33655 4.26620 4.21521 3.64762 2.99581 4.65848 4.17214 4.16819 0.24990 2.93890 3.60304 1.39585 2.77624 4.89400 0.27414 4.20303 2.52207 4.59465 0.83402 4.95564 3.69711 1.01300 2.03784 1.23985 4.63792 3.61509 1.35632 2.08513 4.82538 3.71188 3.93022 1.91363 4.87974 1.56305 1.15406 0.00327 3.56475 0.81679 1.78301 1.90232 1.04644 3.90908 3.04923 
2.13774 3.31089 3.66159 3.76001 0.33467 3.44458 3.10049 1.73444 3.91243 0.89291 4.63912 1.87172 4.23046 3.12955 1.32464 2.97424 1.40699 2.89901 1.64461 4.43701 2.49172 4.88586 4.59996 1.48425 3.37628 3.94126 2.63347 0.62071 1.82948 0.44280 4.87340 2.27898 4.12001 4.65888 3.59133 1.90170 4.48731 2.62370 2.37036 2.48526 3.56721 3.43705 2.51982 4.61670 3.79443 1.22621 3.69332 4.18876 0.34196 4.78834 1.61753 0.87985 3.08714 4.67160 4.72915 0.79286 0.27430 4.38262 3.56147 0.49659 4.78166 1.26248 3.32393 1.32054 2.44935 1.13539 1.49428 0.67159 4.74254 2.30730 2.39506 0.26726 2.28093 0.71666 2.44018 2.62071 4.89944 2.44608 0.44176 3.88491 0.22405 1.63254 2.06583 1.29804 4.26305 1.95054 0.05124 2.26883 4.19537 2.06052 1.07102 3.41140 3.55083 2.62983 1.35755 0.16405 0.94581 3.05050 4.25060 0.59953 
2.66285 4.72011 1.99816 0.40363 4.59754 0.60312 2.04555 1.88880 0.99997 1.10358 4.42017 2.13247 2.70739 0.35133 0.76137 3.35399 4.81622 1.78432 3.13795 4.10839 1.30121 0.56103 0.14645 3.12000 2.91076 2.22966 0.29428 4.29424 2.19529 2.05211 0.09181 2.80594 3.43555 3.20822 0.00109 2.38249 1.09580 0.24795 2.48526 3.78639 4.74356 0.30566 2.51673 3.15807 2.79117 1.24280 1.27030 3.96787 0.55173 0.87483 2.18855 3.22612 0.25877 4.85883 2.00648 2.78843 0.38970 1.12358 1.92480 1.51477 4.71547 3.67472 2.63408 4.43588 4.44647 0.03270 0.62069 1.39426 0.20442 0.25897 3.01796 3.69850 2.74575 0.64323 0.16607 0.49838 1.40130 0.00804 4.40041 0.96095 2.18203 4.91328 3.66517 2.46410 3.92461 3.06662 3.63066 3.18637 2.84742 2.05030 3.62591 0.87635 3.48188 3.22083 4.94673 2.65012 1.30012 4.81481 4.79233 2.26394 
1.20287 2.47500 0.61073 4.25635 0.60628 4.55018 2.33311 4.52095 1.19560 0.45689 3.52658 0.80963 3.85863 4.48757 3.92319 0.47944 1.47545 4.42642 2.10342 3.07153 4.00150 3.17093 3.32332 4.49731 4.98064 1.10496 2.52203 3.61858 1.41545 4.38738 1.95623 3.98826 0.64861 4.02422 0.73268 2.53189 0.50645 1.00847 3.56721 4.74356 4.03435 2.96970 1.06567 1.01553 0.87194 2.43723 0.65417 2.77080 0.49972 3.20421 3.21450 2.32376 3.58933 4.34093 0.30915 3.56115 1.38072 4.05278 3.39088 4.60713 4.79161 0.82283 3.27633 3.10834 1.10654 0.48828 1.58164 1.12979 0.07002 0.20716 4.06312 0.26386 0.80511 2.23420 0.88655 3.70926 4.72221 1.75824 0.77380 0.40658 4.68567 2.35602 4.49575 2.17917 3.51983 4.81526 2.81406 3.03163 2.20486 2.67888 0.25187 0.81607 3.22023 2.19483 1.79370 2.85442 3.71326 1.83355 1.09075 4.47218 
2.73396 4.35917 0.34494 4.29416 0.54874 1.25999 2.17317 2.27783 0.29130 1.58908 0.30598 2.46601 4.63639 4.29478 0.98360 3.07970 3.03906 0.91175 1.68078 3.41069 1.88213 0.81535 3.44491 2.02537 3.19101 0.85418 2.89183 2.84420 0.94910 3.94567 0.14839 1.25142 2.71650 1.58911 1.41954 1.97409 3.36845 4.87091 3.43705 0.30566 2.96970 1.91859 4.89621 2.05926 2.87710 4.33566 3.30049 2.99994 4.23114 3.03284 0.54004 2.89799 1.89318 2.42471 1.29489 1.25972 4.63516 2.44170 4.77266 3.34683 0.59078 0.04610 1.71596 0.63898 1.91988 0.05435 3.07661 2.71243 4.75546 3.60274 3.66957 0.90642 0.23703 1.88084 0.04161 0.36266 1.07089 2.88591 4.26576 0.48746 0.54518 0.49330 4.17139 2.08526 0.66895 1.55359 0.49142 3.34832 4.70536 0.62077 3.72809 2.32592 2.89027 1.27910 1.96318 2.22061 0.33111 2.50391 2.94912 1.91590 
1.96105 3.33622 2.49750 4.61562 3.54200 0.94153 3.63013 0.58617 0.09423 3.25731 3.22227 2.65274 2.46955 3.08334 0.38989 2.86478 1.82609 2.71991 0.40700 2.02240 3.37216 1.87629 4.02791 0.80152 2.30295 1.43976 0.23953 3.96528 2.22806 4.06987 3.35751 0.76927 4.19499 0.57375 0.68752 4.78737 0.80004 3.67763 2.51982 2.51673 1.06567 4.89621 1.68210 0.58755 2.27668 0.09366 0.11126 3.55142 3.21064 4.47849 4.68257 2.70359 4.48593 1.49621 2.64908 3.78581 0.35725 1.56381 0.31863 4.57042 2.96987 0.46528 0.34290 2.54387 2.46935 1.70326 1.17946 1.56860 4.57333 3.25713 3.47094 2.90613 1.79744 1.99758 2.51813 4.36227 1.44560 0.79381 3.43694 1.36933 0.45724 2.55664 2.98122 0.73131 1.44228 3.55838 2.08369 3.34756 1.74952 4.09456 0.56952 1.20979 4.30461 0.15298 3.08756 0.18991 2.64582 2.25023 0.39245 2.84409 
0.97147 3.67489 2.12741 4.29788 2.03007 0.23558 2.48749 3.48819 3.26572 1.84673 3.04275 2.79580 4.31899 2.79740 4.62612 2.64137 2.87384 3.96402 0.70929 3.57096 4.41254 3.76149 1.37378 3.19029 4.32784 3.93688 4.86230 3.76659 4.02726 3.02673 0.63640 3.08011 3.69760 0.28417 1.44203 3.34958 1.88108 3.10703 4.61670 3.15807 1.01553 2.05926 0.58755 3.08549 0.01623 0.71023 0.53658 3.06380 3.75104 1.99461 0.40880 0.45241 0.85955 0.60256 3.00022 4.04553 4.36709 2.90514 3.97381 3.56504 2.22724 1.93069 3.35561 4.84735 1.71317 1.58861 0.80320 4.19865 3.21070 4.82611 2.64851 3.25184 2.34745 2.16098 3.18457 2.66468 4.75460 2.04892 2.89293 4.12019 2.28889 0.07481 1.93684 4.86564 0.18134 3.79758 4.31646 3.31792 3.02923 2.47508 3.02530 1.51412 1.52962 4.79861 2.43448 2.66700 1.35085 4.08030 1.92463 2.14421 
2.43732 3.96440 2.26575 2.26313 0.94873 3.13234 1.70072 4.04404 1.14475 3.75101 4.77479 3.38578 4.41920 1.55550 3.82269 1.42040 0.97530 3.79112 4.70165 4.79964 0.62006 1.15971 1.04636 2.10043 4.15490 1.40967 2.36732 2.01154 3.36159 2.56949 3.41734 0.60621 4.54337 1.76691 0.24446 1.83255 0.37210 2.08024 3.79443 2.79117 0.87194 2.87710 2.27668 0.01623 4.05422 3.16609 4.58638 1.50447 0.77851 4.25300 2.11354 4.04855 1.76606 1.03363 3.95125 1.76039 0.29061 3.38986 0.35946 2.68529 3.20527 2.63026 4.47480 1.20767 1.99497 1.88325 2.25700 0.41678 3.73469 1.29707 2.58629 3.68117 3.83421 2.68502 1.82115 4.66531 3.51697 2.92270 1.06130 0.61590 1.02763 3.93713 3.80407 4.70110 3.99612 4.41357 1.89513 0.21168 0.87928 1.22528 1.80393 3.31396 0.14236 2.10875 3.59163 3.89607 4.78590 4.75814 4.16485 0.56237 
3.18739 2.70083 1.61244 0.93181 4.28190 2.62070 2.18698 1.80352 4.17840 2.03309 1.22472 0.11143 2.13695 3.60402 1.38910 3.02889 3.91740 1.61814 2.31414 0.92603 0.00430 0.37852 1.05043 0.00168 0.01794 4.35662 4.05125 4.34953 3.89036 2.21515 2.87966 3.40192 3.44614 4.29260 4.79457 3.94681 2.71309 2.40700 1.22621 1.24280 2.43723 4.33566 0.09366 0.71023 3.16609 0.93920 1.49937 3.84368 4.52788 3.76391 0.17862 3.12887 1.64235 1.59239 1.21908 1.18377 1.96035 4.58120 2.77281 0.69409 4.67341 2.72289 1.03476 3.81732 4.16591 2.62725 3.55823 2.15760 1.85997 4.36917 0.48552 0.51606 1.11406 4.98425 2.10509 0.37732 4.05409 0.96914 1.89330 2.14529 3.98896 2.77228 4.97252 0.37385 4.21878 2.61787 3.69986 3.12630 4.13549 0.73320 0.32630 0.01179 4.67141 2.80445 2.47249 4.89410 4.33025 4.19065 3.64553 3.14901 
4.01558 0.78925 1.37619 3.03787 3.78863 1.27927 2.98023 1.23536 2.35757 1.32648 2.67257 4.06364 4.07284 1.78420 3.11223 0.03926 1.41043 4.12221 1.00154 0.86674 1.55362 1.31138 3.64289 2.14639 4.65077 0.80750 3.20107 2.02293 3.76751 3.18901 4.44778 0.43631 4.31173 0.17607 3.64096 1.17213 3.08704 2.18702 3.69332 1.27030 0.65417 3.30049 0.11126 0.53658 4.58638 1.49937 1.27252 3.51990 4.46498 3.20048 4.58846 3.97780 1.42266 1.82341 4.91778 0.09779 0.32028 2.93397 0.73791 3.65984 4.41461 3.75835 1.78978 0.39999 4.35794 2.98042 1.41840 0.39462 4.31243 0.71124 3.83076 0.99256 2.90209 4.53225 2.99740 1.07289 2.66253 1.96413 4.80887 1.76988 4.27449 4.16888 2.13268 3.95871 3.49476 0.56085 0.16775 0.08016 1.40274 2.97757 2.35748 2.91067 1.39100 2.73209 0.57296 0.78123 1.47462 4.96127 4.11608 1.40664 
0.75651 4.97200 2.03857 0.86662 4.53906 1.86304 0.34459 3.99646 4.59416 3.10147 4.93578 2.68376 2.79150 3.92369 4.78239 3.79640 4.05216 1.51410 3.79439 0.87010 4.11000 0.02376 1.30241 3.23783 4.93424 2.26174 0.37095 1.03164 2.23225 0.51495 4.98395 3.87653 3.76520 1.81025 0.28871 4.33441 3.07992 4.24824 4.18876 3.96787 2.77080 2.99994 3.55142 3.06380 1.50447 3.84368 3.51990 4.66213 3.31806 4.69860 4.81289 0.70794 1.98877 2.13532 2.01702 3.89265 1.89774 1.33361 0.81043 1.09855 3.58278 4.88201 3.67620 4.35861 0.76435 4.32967 2.00385 4.95979 2.91247 3.12663 4.08677 1.72849 1.84876 1.26112 4.14801 2.17291 0.45986 3.31048 2.85786 4.01575 0.18539 2.92249 4.51149 4.33083 3.96314 1.49654 2.52695 3.96784 1.54002 0.94987 2.01516 4.37634 2.40488 0.17337 4.44320 4.94839 1.37413 4.92039 4.45634 4.91123 
1.39419 3.98040 1.57930 3.82222 2.96453 0.36120 4.43139 2.44889 3.89994 1.30472 4.12348 0.07655 3.25982 4.53532 3.52186 2.94337 0.08644 1.41250 0.07905 0.55238 4.86821 1.12823 4.08639 4.43377 0.52268 0.94480 2.05241 3.92421 4.82512 3.24678 0.71260 2.84566 1.53785 4.17591 0.18031 4.33975 4.61287 3.16427 0.34196 0.55173 0.49972 4.23114 3.21064 3.75104 0.77851 4.52788 4.46498 3.31806 3.00968 3.07708 4.60123 4.89787 1.40762 3.25699 0.38023 3.08429 3.44304 2.49801 0.90538 2.14215 3.65984 4.14627 0.56783 4.85355 1.66230 4.24695 3.01771 3.65969 4.99822 3.46263 2.29766 1.46249 3.16026 2.56965 3.89688 0.91481 2.90447 1.38492 3.50862 1.16974 4.66368 0.81942 3.37043 0.51798 0.38032 2.99006 3.74215 4.62854 4.70107 3.62371 3.59971 1.78359 4.65778 0.61304 4.27417 2.82475 4.83831 2.61417 4.09446 0.72141 
