2.29407 1.75022 2.61807 3.48934 1.69181 3.40065 3.17810 2.57462 2.38774 0.58260 0.12079 0.67758 1.79784 2.26274 4.34395 1.56216 1.48236 2.66076 0.42479 3.55061 1.05948 2.31430 0.19613 3.14264 0.19773 1.92676 0.94820 3.06796 1.23963 2.63377 3.25993 1.65006 0.67242 0.32669 1.00469 1.75416 3.99034 3.06629 2.40915 1.02012 3.24645 2.61659 3.34372 4.88514 0.41865 2.01149 2.97723 2.62250 2.40564 0.45152 2.99086 1.26106 0.20377 1.90635 1.18732 0.50380 2.41682 0.59063 2.28539 3.28732 1.42966 1.08617 0.20891 4.27299 3.18568 0.72807 4.27895 4.64520 2.79034 1.96148 4.43149 4.12439 4.00288 1.54224 3.20711 0.04932 4.84949 0.61004 3.60850 1.91173 2.00888 0.04541 0.57443 0.46127 1.59183 1.95031 4.37011 1.76228 3.40454 2.21120 3.50441 3.65690 2.59041 2.63630 3.22906 3.45143 3.66180 2.15900 3.39690 4.22961 4.73222 0.69393 2.61104 1.64579 3.24767 0.88266 2.60865 3.95256 0.59405 1.70480 4.62971 4.16672 2.66485 4.62487 4.82671 2.91981 3.24098 1.03595 1.29597 2.62669 4.93345 1.51920 1.03974 4.04001 4.43199 0.21254 4.60233 4.14683 4.99088 0.04853 2.52888 3.26526 4.96019 3.03553 0.45512 3.37735 3.87092 4.20171 0.09766 0.40428 2.12967 3.45739 1.74115 4.71086 0.93764 2.94933 4.83967 0.49053 0.17673 2.54633 2.90982 0.40414 4.89661 0.80511 0.10281 3.45447 4.77980 1.09317 1.32779 1.30542 3.78298 1.79132 1.95084 0.28381 2.67111 2.54482 4.32069 3.02155 0.63504 1.08435 1.34549 1.94620 1.76189 2.98451 0.25445 1.65391 0.10178 1.98103 0.47680 3.09612 1.12423 0.82126 2.22903 4.68160 1.80428 0.59678 3.15446 0.99079 3.63412 3.69971 3.95791 4.17722 3.87345 1.88326 4.93971 1.09973 2.07354 3.89646 4.18909 1.30315 
1.75022 4.72014 3.13651 2.74499 4.60826 2.01409 1.12984 3.58698 2.95516 2.75893 0.15547 0.95791 4.38744 1.85992 3.27784 1.33887 3.49542 2.50316 1.60657 1.75630 0.03103 2.01484 0.97239 2.87612 1.74833 1.17607 3.95165 1.17255 4.24500 1.25687 1.41782 0.00712 0.82050 2.74215 2.50462 4.63877 2.21550 4.05238 0.06790 0.44770 0.84984 1.05232 3.79637 1.19779 2.57863 2.72318 0.98801 0.20422 2.48923 0.61828 0.44811 4.30092 3.26849 3.09143 2.82750 4.51587 1.78648 2.38368 2.17992 4.12966 2.82960 1.47068 2.33246 1.09452 0.13502 2.74356 0.41450 1.67642 2.74556 4.64552 1.24005 3.21435 1.13883 1.97872 4.17512 3.39870 3.95803 2.78833 0.21308 4.79786 4.56012 3.21765 1.62249 2.12113 1.02821 3.09797 0.19688 0.02107 0.99988 0.01662 4.62686 0.00161 0.32781 4.31420 2.21079 1.11790 4.59898 4.65687 3.22989 2.80062 4.23709 4.16015 1.12245 0.00212 4.84164 0.29820 2.71481 1.39693 1.57481 3.19662 2.39540 2.04499 2.49302 3.19943 3.27405 1.47796 0.38815 4.53339 3.14941 3.84787 3.80934 1.31871 0.94042 0.60015 2.79026 4.33598 0.12768 1.13105 1.42158 2.74059 3.53050 3.36219 2.74884 3.09102 2.32603 2.92367 4.71267 1.54146 1.83874 0.26310 1.60147 2.14852 0.10693 4.08435 2.08341 4.90186 4.21569 3.92763 2.60130 4.14683 0.59455 4.80799 2.23368 3.50097 1.96599 2.77305 4.98180 4.54365 1.02709 3.18165 1.47330 2.48800 3.70955 1.86397 4.86964 4.62649 2.52858 0.04058 4.12077 2.61484 3.96355 3.65647 4.87206 4.05602 1.45499 4.34554 3.24836 0.43581 4.72367 2.56751 1.31841 3.20821 4.06786 2.05328 4.38842 2.83292 3.74928 1.82279 2.94513 2.32389 2.79376 1.98441 0.32853 4.50856 4.59087 3.83367 2.27904 0.74914 3.73876 3.50620 
2.61807 3.13651 0.79206 2.50299 1.13678 1.43312 1.09619 0.35519 0.44488 2.94293 1.62577 4.23999 3.60199 1.66081 4.11164 2.56390 3.09861 3.50184 4.09775 0.08160 3.43362 1.42926 0.49018 3.27256 0.53195 2.16058 1.04651 2.88186 1.56556 0.32564 0.85882 4.37156 4.39228 1.39993 2.91605 0.56920 2.81900 0.00805 3.24886 4.47891 0.79968 3.88585 3.16193 3.35877 4.01629 2.14033 4.79889 4.97760 4.65936 4.20546 4.11978 4.79823 4.55194 2.57625 2.10933 0.43490 0.55118 3.54392 1.19048 0.48439 0.74808 3.55147 1.85524 0.00722 1.77994 0.75284 0.11502 4.95335 4.31051 2.97114 4.63602 3.48963 0.73698 1.60526 4.18734 0.94276 0.59726 0.49104 4.06899 2.25631 4.19765 2.15848 0.48505 0.95248 4.21314 3.98193 4.81837 1.45605 1.55899 2.05304 1.58519 3.78884 2.65201 2.13957 2.59209 0.47663 2.30787 4.26480 1.77667 3.56761 3.32251 4.45713 1.13593 3.87245 1.20267 4.29677 4.48088 0.47195 0.31359 3.51160 0.90760 4.66152 0.74968 4.04808 0.44839 1.41447 4.68308 1.53318 1.42325 1.14152 0.56076 3.63010 4.31264 4.63615 0.88524 3.52363 4.23452 2.14854 2.08966 3.21292 0.25015 0.18966 2.19283 2.76932 1.11631 3.98821 0.06178 1.58011 0.82214 3.20153 4.61449 1.45474 2.32394 0.10551 3.63595 3.44595 1.55397 3.78440 1.86009 4.22391 2.71266 1.92800 0.96659 3.74605 2.44615 1.48010 3.36471 0.95996 4.10364 1.21632 0.37065 4.05142 1.40518 3.15368 3.24621 1.75741 0.52729 0.68684 4.74635 3.97500 3.53215 1.33041 0.34166 2.04662 3.87827 0.63286 3.23910 3.94137 4.31367 0.06977 3.14494 4.09715 1.07626 4.76423 0.40510 4.97213 4.02262 2.60468 3.55073 2.67379 0.04191 3.50957 3.28411 1.20297 0.05469 4.13894 4.79909 2.44900 0.67007 2.58083 
3.48934 2.74499 2.50299 0.86028 1.69338 3.50232 4.39235 1.91087 2.88502 3.51023 3.68702 3.36359 4.71575 0.99881 2.71037 2.20548 2.69118 3.04886 2.90203 0.74440 0.11787 2.75322 3.81406 4.20075 0.63443 4.32928 0.34079 0.43961 3.54135 2.74051 4.55608 0.30889 2.43523 1.14146 2.47883 4.24129 0.24814 2.21168 1.36976 2.26305 4.71648 1.16780 0.66219 2.67756 1.05845 3.04498 4.45084 3.13565 1.48951 3.28026 1.09752 2.82000 3.43545 2.97218 3.09518 1.14273 1.45935 4.65019 2.88723 1.84327 2.06555 0.38252 2.03099 3.16791 0.51014 0.45410 1.47946 3.97986 0.37814 2.23242 1.03015 0.08487 3.09234 1.73721 0.24015 2.73666 2.32417 4.57034 4.56093 1.50914 3.87474 2.43092 2.72247 3.36977 2.39049 1.32403 4.75308 4.56804 1.94718 4.61127 2.60798 2.65014 1.26530 3.29098 4.48643 4.64172 4.06402 1.83256 2.22519 3.89519 4.78976 0.72368 2.98524 0.79889 0.90368 3.77356 4.01249 0.08990 4.83159 4.50711 3.90339 4.82752 1.08637 1.49339 2.28581 1.67594 2.49924 2.68898 0.51882 0.34381 1.73961 1.30985 0.19606 3.24859 1.67799 1.04216 4.32122 2.45203 1.73069 1.68513 3.81653 4.96825 4.21472 3.41366 1.97275 3.82327 4.29519 1.53218 1.88773 4.96752 2.20355 4.84630 1.34952 4.86296 4.68251 0.03955 0.86532 3.41416 2.73219 2.84671 0.13006 3.84492 0.61218 2.45326 0.56585 2.17669 1.13695 4.71729 0.18715 2.50416 3.78864 3.25145 0.88618 1.23179 0.28442 1.56993 2.86080 3.60092 4.45787 2.80085 4.78387 4.05098 0.64851 2.49583 4.04242 4.39540 3.00547 0.89361 1.94944 4.20950 3.98402 0.37834 3.88434 3.80547 2.89398 0.52892 1.37550 4.37071 2.21122 4.00475 3.86352 1.25906 2.81607 2.92594 4.33349 1.61744 2.72066 4.45815 3.87501 1.89828 
1.69181 4.60826 1.13678 1.69338 2.80075 0.03277 2.10583 4.82489 1.68355 2.25184 4.00783 0.84431 4.15128 3.73087 0.18927 0.39962 3.11009 0.30671 4.66498 3.68974 1.51630 1.52514 2.58462 2.24551 3.33667 1.66556 4.72932 1.24974 2.09988 1.75689 1.21902 0.25983 3.34271 4.78896 0.54823 3.87357 2.00144 2.28026 1.50830 4.01098 4.79866 3.38336 3.61264 4.29498 2.94311 0.10234 0.56067 4.50481 0.02916 1.97499 1.93964 3.08277 4.19011 0.70285 4.54707 2.10715 1.13853 2.86212 4.33310 2.24238 4.29853 4.62151 1.31923 2.75769 4.39084 4.65320 2.89294 0.41459 0.43556 0.42934 3.44350 2.58414 2.56250 2.33014 2.37114 2.41929 4.40858 2.38503 0.43662 2.90522 0.39269 3.66351 0.23156 1.60038 4.21250 2.91794 2.13894 3.39731 1.44536 1.85030 3.56049 0.54186 2.85882 4.57661 2.84139 0.89203 3.66627 4.44538 3.29627 4.24603 2.48521 3.23501 2.99433 4.87049 0.66953 4.01391 2.59876 4.79110 1.26104 4.15812 2.06962 3.22500 1.32041 1.44487 4.56341 2.81882 3.40204 4.99446 2.42164 3.26998 1.49438 3.53474 4.89935 3.94191 3.68657 4.88514 4.79858 3.30138 3.98745 2.27551 2.63776 2.30640 2.22616 1.65735 1.49248 4.22743 0.42861 4.26281 1.41368 4.09607 2.88464 4.50485 2.98432 3.92353 2.70239 4.77740 0.37384 0.72385 4.66298 2.64867 3.34018 3.99997 0.82824 2.38746 2.30260 4.81968 4.57124 1.21849 3.54489 4.61397 4.46286 1.36910 2.12967 1.89434 2.99412 3.99839 0.42183 2.80579 1.19292 0.84916 1.58588 1.73609 3.32342 3.74023 1.78028 3.59366 1.56746 1.33683 0.40669 1.17942 1.67842 4.46374 0.95661 0.72357 3.38318 1.22976 1.14869 3.87495 4.86438 1.53459 0.97078 0.53704 1.08009 2.95551 3.38004 3.08458 0.32978 4.33976 0.10693 2.89393 
3.40065 2.01409 1.43312 3.50232 0.03277 0.23133 0.64047 3.73400 0.32821 0.77426 3.06447 1.84490 2.46700 2.01804 3.58624 1.07280 0.91587 3.23235 0.41529 2.71861 2.01122 3.26860 2.37739 0.79975 2.01384 2.91208 1.13171 1.85853 1.40309 4.11140 2.14459 4.17833 4.91342 0.80286 1.78113 0.68670 2.34397 2.54122 0.36378 2.36980 0.59809 1.08371 0.64229 0.47647 3.62624 3.23145 4.58440 0.78452 1.53761 4.66062 2.44776 4.26320 0.77221 1.73806 3.64900 2.25739 2.87699 3.74124 0.37819 2.89795 1.67325 4.83573 4.29155 2.50379 2.83366 4.21499 2.97940 2.87318 1.57998 3.10259 3.48323 3.29027 0.16800 2.74876 1.60793 0.91744 1.42446 3.02748 0.53221 2.76291 1.05042 3.93079 4.60149 2.25566 2.99137 2.85164 1.73788 3.41613 3.51238 4.49981 2.61782 0.86217 2.89761 4.07698 4.35015 1.25640 4.93917 1.68155 0.48874 0.99560 4.68821 4.07373 0.69094 4.81743 1.73935 0.92155 4.49596 4.79780 4.61154 4.50254 2.55760 4.81750 0.40821 4.85092 0.19060 0.76359 1.79787 0.32971 0.44698 4.41449 0.69255 0.15092 4.75103 2.44360 2.63262 0.05883 1.71418 1.21055 4.45893 2.09237 4.40134 0.82942 2.08936 4.42813 1.51119 0.38571 3.16974 2.91788 1.59787 2.48860 1.66754 3.23007 0.23856 3.59879 2.57932 4.90723 3.53166 3.66611 4.36597 3.09820 1.28718 0.58381 0.37649 1.92087 2.99192 3.25005 1.81549 3.07590 3.04717 4.69134 1.02056 4.45139 4.78896 4.71069 2.29289 4.53293 4.51782 4.97710 1.94457 2.72973 0.74450 3.86568 0.84314 2.52745 4.36462 0.82340 1.63242 0.23068 3.72316 0.59823 4.14787 2.02512 3.93890 0.49459 2.81596 1.00112 1.30101 3.46105 3.09568 4.48134 0.60043 2.47352 3.18350 3.59517 2.44529 1.43545 0.23339 3.16874 3.66497 2.90386 
3.17810 1.12984 1.09619 4.39235 2.10583 0.64047 1.54311 2.04167 1.01412 1.98353 2.40713 4.28925 1.43640 3.97180 4.34181 0.19248 2.97571 3.93037 0.93853 0.34861 4.07695 1.60063 0.80637 0.00407 4.99379 2.64423 2.62335 2.49076 3.51936 1.40308 4.74163 1.79035 0.42908 3.44435 4.68886 4.49078 3.23109 4.43892 2.19922 0.25110 4.86645 2.15929 0.60086 2.88696 2.40364 3.95880 1.81240 4.12847 1.99309 4.28303 1.27257 0.29637 1.05867 0.98072 3.58223 4.67287 2.02506 1.23196 2.79488 2.30272 4.63802 0.24160 2.29542 3.70998 3.90800 3.79241 2.28120 2.43159 3.87620 3.79398 3.55645 0.99247 4.20233 3.96691 2.79981 4.63506 3.14141 2.27661 3.62410 2.69243 4.90400 2.07665 1.65318 3.39645 2.97535 3.67803 3.85704 3.34501 4.44902 1.15807 3.45544 3.03544 0.26203 1.23309 1.59365 2.28880 0.80337 0.40390 0.55857 0.04498 2.31246 0.94515 1.71784 2.66541 2.84926 3.64153 3.38216 0.32350 4.16457 0.11062 1.99581 1.33828 1.24466 2.61657 2.11307 1.97947 1.56692 1.13719 0.50783 1.66994 2.55519 3.15478 4.05852 3.98003 0.43968 4.89359 0.14466 2.95738 0.73560 0.11247 2.65989 1.29150 2.08803 4.80639 3.19009 0.46674 2.97264 4.39388 4.80432 3.31667 2.08063 1.92782 3.46894 3.43120 2.49217 2.21321 2.60742 4.37231 4.49996 2.23893 4.40414 0.08049 4.18010 3.20973 4.28258 2.67015 2.22138 0.52345 3.59710 3.75521 4.77044 4.98632 1.06130 2.76529 2.98417 0.25050 3.22238 2.42634 2.91290 2.13502 3.38363 0.71865 0.28078 1.03781 0.61041 0.48765 0.64863 2.83736 4.73892 1.28310 2.50897 4.43247 4.88154 1.51826 1.69470 0.68323 0.60467 2.26794 3.40735 4.94219 3.39025 3.82264 3.46602 3.43861 2.90473 2.86226 1.52566 1.47782 1.03968 1.94703 
2.57462 3.58698 0.35519 1.91087 4.82489 3.73400 2.04167 3.94827 4.11104 2.28796 0.10495 1.36923 4.62658 1.23522 2.04429 1.37608 2.81062 1.31477 0.87766 3.90087 2.46553 4.35977 1.91292 4.16763 0.58561 1.33110 0.76650 4.28367 1.94604 3.17382 2.77179 0.72063 3.62300 4.40838 0.88980 0.10449 4.23255 4.47053 4.34830 3.48350 2.94808 4.23243 4.32068 3.83088 0.76286 2.64858 2.65583 4.18216 1.03104 1.23578 0.04739 3.92289 2.21200 3.60526 0.91534 2.20425 2.51476 2.58515 4.50874 4.84648 4.98817 1.49734 3.43633 0.92134 1.61432 1.85938 3.61784 2.21682 4.36676 1.46950 4.91390 2.16418 3.60740 1.38309 1.84500 0.43722 4.87716 3.40751 3.52176 2.15665 2.23391 2.21746 4.36853 1.49362 2.09722 0.13832 0.38475 2.96140 3.75385 2.75178 3.52253 0.01457 0.58155 3.26904 0.50016 1.89337 1.87445 1.68833 1.77126 1.31323 0.25205 1.03400 0.94343 2.41701 0.75068 4.96772 0.22213 0.89051 3.21346 0.10198 1.24199 3.75868 0.78763 3.84316 4.25277 0.79747 4.62105 2.28480 3.12968 2.83802 4.02909 2.87944 1.17243 0.33024 4.92445 2.48426 2.50502 1.15021 2.50331 2.12603 3.96379 0.76227 1.53884 1.01579 0.30778 0.91570 4.01541 2.09354 0.05866 1.20627 0.75358 1.65564 1.20140 4.15479 0.52487 3.44919 4.78940 0.24226 0.47840 1.37228 4.40289 0.34152 4.42781 0.53882 0.62771 0.64837 1.24863 3.72344 4.73701 2.94460 2.77503 3.94208 0.57330 2.42725 1.76331 0.32688 4.00848 2.47278 3.70046 2.27210 2.08731 2.33403 1.11411 3.64601 3.08333 3.60775 3.10874 2.34208 1.77871 1.28024 2.77760 4.57077 3.65016 1.62987 2.97658 4.63869 0.64676 4.31384 0.39017 4.91957 0.49196 3.62021 0.45927 2.76565 0.05844 1.35635 2.30211 3.04007 0.24094 2.85713 
2.38774 2.95516 0.44488 2.88502 1.68355 0.32821 1.01412 4.11104 4.36186 1.15105 4.79708 0.51639 0.91618 0.14427 1.01189 0.41620 2.43424 4.84775 1.45693 4.59231 3.85632 0.87803 4.01307 1.22958 4.37954 3.69876 3.17802 0.32723 2.08298 3.89524 3.21978 2.76414 1.42768 0.48818 0.21677 4.08599 0.17452 1.88394 2.46169 3.03726 3.81866 3.95308 0.12983 1.88633 1.12767 0.57448 0.82328 0.90499 2.56479 2.69279 1.41250 1.13550 2.19517 2.74932 2.08551 0.42940 1.41683 0.07957 0.27721 0.99874 4.47487 1.16917 2.04768 2.66023 4.04557 3.24816 1.88422 3.05746 2.19247 3.63244 3.95938 2.35044 0.06895 1.12176 4.74325 3.80279 2.87826 4.09247 1.96593 3.96636 1.70394 2.21775 0.19376 0.55382 1.92896 0.87172 0.42432 0.84979 0.50325 2.66941 2.84099 2.59047 4.36645 1.53229 3.18229 3.54306 0.84864 3.49797 2.57601 4.64692 2.95810 3.88896 1.42979 3.09757 3.61611 3.67451 4.34020 0.42457 0.24701 3.98411 1.52964 2.65191 4.70226 1.92244 3.10808 4.45229 2.45565 4.58302 0.31365 0.68818 3.90704 0.52829 3.65708 1.44693 0.67251 1.89335 4.69072 2.15286 0.00499 3.65264 2.56896 3.30856 4.20898 3.76493 0.05474 4.06383 2.70516 0.76259 3.56454 0.02252 2.52265 4.58327 2.90347 0.31532 1.59932 2.84331 1.71232 2.03433 0.64288 0.43505 2.28336 1.14005 1.12879 4.98886 2.27071 3.11382 3.60616 2.89409 2.16046 1.09107 4.06218 3.82080 0.92516 4.33113 3.01108 0.95304 2.58483 0.46516 3.96925 1.93803 3.96330 1.52994 3.43656 3.20914 1.56276 3.80584 4.70090 4.26279 4.49481 0.60239 3.13222 1.40164 1.88119 0.49577 1.94057 2.71452 4.16753 1.94516 2.08561 1.79386 2.73828 1.47678 3.47948 1.11750 3.95715 2.70770 1.29923 2.69481 4.92621 2.82042 
0.58260 2.75893 2.94293 3.51023 2.25184 0.77426 1.98353 2.28796 1.15105 0.98634 1.62774 2.51525 2.83133 4.86833 4.62325 0.48482 1.21263 1.69134 2.25076 1.24860 3.42190 1.24104 4.23108 3.19899 3.41317 3.58514 2.21436 1.77289 3.69864 1.86357 4.12388 0.04792 1.40390 2.44532 3.05920 3.63441 0.61875 4.26544 3.14293 0.73113 2.24945 3.24603 3.31451 3.22594 3.28941 2.52399 0.50589 2.69371 1.65979 2.28097 3.53792 3.63624 2.44841 0.96210 2.44302 2.65275 2.86597 4.63538 1.31534 4.76758 3.61926 1.87935 1.61097 2.48684 2.69913 4.47983 2.54070 3.43129 1.02850 0.09467 2.61790 2.49248 4.69684 3.02657 0.92513 4.28910 3.01038 1.08700 1.45211 3.43382 4.65223 0.88884 2.22133 4.44592 3.41813 0.56069 2.47009 0.51655 2.26794 3.01386 3.09130 2.21989 2.51125 1.33359 3.87076 2.40170 3.48070 0.32257 1.89411 4.11634 4.89453 3.54844 1.25936 1.64219 1.58147 2.68195 4.92550 3.31443 1.34750 1.34173 3.98730 4.47241 1.47231 2.86044 1.80189 3.03895 0.80169 3.26951 0.44384 2.71045 0.27286 0.67252 2.74917 4.03419 3.29831 4.98567 1.37057 3.64289 4.01789 0.60544 3.52993 1.98309 4.49069 0.89597 4.57188 0.15360 4.37189 4.83924 0.62280 3.12185 2.14298 1.76974 0.10221 3.03103 1.12728 1.72074 0.05386 4.48877 0.12115 2.58119 2.12537 0.34229 0.75027 2.43259 2.97212 4.21578 0.57210 4.17371 2.16168 4.99788 3.39139 0.81066 4.66003 2.02215 0.34330 3.69302 3.36532 1.14762 0.58745 3.00601 1.17466 0.60209 3.20804 2.11863 1.80757 2.84585 3.34743 4.96225 4.22646 4.91127 0.13037 2.63844 3.48045 4.50331 0.43697 1.48459 0.21975 3.45228 0.62898 1.05736 4.88121 2.00353 4.45430 1.01403 3.60281 3.53482 4.28060 3.90839 0.58966 1.00295 
0.12079 0.15547 1.62577 3.68702 4.00783 3.06447 2.40713 0.10495 4.79708 1.62774 3.72517 0.08796 2.80540 1.14377 2.54139 1.44356 3.20819 4.85689 1.13512 0.86830 4.07746 0.48656 2.35861 1.22188 4.39907 3.81781 1.76435 4.04853 4.48532 3.51133 4.49511 3.58307 0.52355 4.63727 4.59408 2.91324 0.17024 0.68800 1.09552 2.89809 2.56443 0.47003 4.61249 2.31668 4.72924 1.12679 3.78590 3.12151 2.59665 0.02619 0.36449 3.87150 0.23880 2.67212 0.51740 2.83554 3.05971 2.24661 3.36143 0.69424 0.01003 0.95477 1.43974 3.67218 0.48121 3.38719 4.79517 1.64138 2.63709 0.51060 1.32167 1.72711 2.10264 2.28910 1.68569 1.08757 1.28063 0.98220 3.42356 4.33802 2.06648 1.78485 3.93208 0.94729 0.41425 2.10741 2.27074 4.38994 3.43796 4.64446 0.73377 1.82188 4.45432 2.66912 0.47687 1.13156 3.35533 1.20107 4.50242 4.86563 3.79202 0.83128 2.62273 0.33893 1.02923 2.81195 2.69419 0.20791 3.75150 1.31848 2.20878 2.54681 2.14488 0.60897 2.95806 1.54271 0.90913 3.70980 0.86853 0.98296 3.45981 2.57137 4.61808 4.80261 4.02618 0.71262 2.35512 0.78696 3.03566 3.81427 4.78534 1.67104 3.57085 0.65767 2.29496 3.07259 4.59407 0.12777 0.33054 1.05510 4.43566 4.61412 3.33989 1.40183 3.94494 3.22456 2.53841 3.54028 0.99201 0.46197 4.14332 4.27822 1.29934 2.85779 4.51265 0.27936 2.06650 3.97852 4.53592 0.33896 0.55006 0.95654 2.30302 3.72953 0.77179 0.49690 3.38312 3.02752 0.27950 1.19275 4.28627 3.14505 0.38014 4.97676 4.86897 3.66217 1.33750 3.94126 4.54778 2.75705 2.58848 3.39072 3.37031 0.98121 2.32107 1.42375 4.88358 0.12785 3.59148 4.17488 1.65999 1.44167 2.18356 0.93777 1.57001 1.25404 1.35268 0.11765 1.90964 2.77592 
0.67758 0.95791 4.23999 3.36359 0.84431 1.84490 4.28925 1.36923 0.51639 2.51525 0.08796 3.50236 0.46372 2.23348 2.61074 4.34361 3.46863 3.84997 3.56946 0.64237 0.61506 4.99316 3.47882 2.80692 0.23716 4.49068 3.91308 4.16676 4.85189 1.54676 4.57767 3.29205 3.62074 4.00203 1.50399 1.36695 1.11263 3.02279 1.23778 0.81034 1.25355 2.71700 3.92289 2.71061 2.53556 2.23221 1.09089 0.46179 1.49841 4.72508 1.19803 0.33927 2.73983 3.41830 2.52952 1.79635 0.31829 4.19811 3.18201 2.48677 2.21441 0.72561 0.99358 4.49030 2.35870 1.41380 3.71357 1.83487 1.72403 4.38716 0.47868 3.14187 2.74792 1.42353 3.01416 1.37440 1.28265 4.06362 2.52885 2.11996 4.77954 4.44937 1.27771 3.29811 4.16787 1.85901 4.37570 3.43623 3.08002 3.38873 4.95230 4.81593 4.65389 3.28468 1.81694 1.55299 2.08390 0.25540 2.78345 4.55347 0.62568 2.84635 0.88903 3.88804 0.64005 4.99232 1.29149 4.37179 3.00415 1.98890 0.38160 4.53241 0.35489 1.85379 3.98924 4.02900 2.95929 0.84911 4.76622 1.35839 2.84160 0.47414 0.31112 0.09397 0.21802 1.63894 4.16734 3.26204 4.38940 0.81486 3.92128 0.91757 1.38333 0.50991 4.59019 4.75864 0.69280 3.41359 0.79572 1.26887 1.07316 1.43401 2.73890 4.52902 4.18788 3.74636 0.23237 3.45161 0.86025 4.97724 0.40712 2.80094 2.23143 2.05796 1.73287 1.33048 1.44830 1.83891 3.60427 4.64208 0.82803 2.71598 2.52130 4.71737 2.25509 0.68340 1.29252 2.33999 0.86159 0.00018 4.31751 3.99451 4.58989 2.10021 2.85269 0.04878 1.81995 0.25167 3.86664 3.68418 4.91028 0.49444 2.17157 2.79416 1.81429 3.47544 4.64123 3.91435 3.22258 3.33158 4.54911 4.74505 2.29051 0.81455 2.07888 0.37471 3.55057 2.43889 0.46047 3.38430 
1.79784 4.38744 3.60199 4.71575 4.15128 2.46700 1.43640 4.62658 0.91618 2.83133 2.80540 0.46372 1.20491 2.79642 1.69569 1.40958 3.53862 0.00030 2.57647 1.84039 4.59447 1.88871 3.42476 0.35199 3.67828 2.47252 4.34501 1.17853 3.40997 1.69647 1.56887 2.06781 3.35149 3.89703 4.86713 2.89178 0.20014 4.08269 2.82778 4.94880 0.86895 0.98613 0.76278 4.18125 3.73605 4.60030 4.96328 3.27074 2.94865 0.92072 1.21503 4.86989 3.94709 0.88688 0.79870 4.91545 0.62763 4.01317 2.40551 4.95473 4.60331 3.09187 1.41478 0.94498 3.42888 2.26093 2.10976 0.87062 2.02377 4.98163 3.60003 1.41155 1.71595 1.34465 4.30787 1.51146 4.71644 4.09880 4.84119 1.08876 3.55911 2.80937 2.28420 1.93533 1.26242 4.24041 4.39837 4.51761 2.11007 0.00789 1.83917 3.46565 1.94565 3.56292 1.29931 1.87491 2.43605 0.88278 3.91691 3.59315 3.59924 1.82268 4.40849 0.69236 2.99972 2.81654 3.16437 2.68205 1.89025 0.61661 1.07956 3.38132 1.48770 4.58926 0.68081 1.98844 0.79717 1.00093 4.28307 1.85128 2.48853 2.94868 0.49077 3.91047 0.34768 3.53418 3.51682 3.24921 0.59994 1.41990 0.07954 0.70687 0.77920 1.61648 2.25206 4.99253 1.90562 1.76005 0.66684 2.14423 4.16045 4.97813 4.14673 2.82042 4.40332 3.89793 2.76281 0.66332 3.16969 1.30845 1.76545 2.54566 3.88890 3.28954 1.94953 4.69078 1.16372 0.30961 0.08600 4.55416 1.00523 0.36726 3.76232 1.66489 2.89138 0.91060 2.64352 4.86915 2.64991 0.16392 0.00658 2.19292 1.20628 3.98268 0.76594 2.77425 1.70262 1.25261 1.83951 0.51225 1.91589 4.66048 0.98825 2.57247 3.08065 1.85873 2.47006 4.08868 1.46735 0.29195 2.39787 1.04741 1.46035 2.37305 4.38652 1.75274 0.51516 2.11535 4.36007 2.58846 
2.26274 1.85992 1.66081 0.99881 3.73087 2.01804 3.97180 1.23522 0.14427 4.86833 1.14377 2.23348 2.79642 1.61235 2.52260 2.60770 0.24839 0.54212 0.99304 0.79957 0.74364 1.19045 3.14121 1.57203 3.44840 0.61162 4.91957 4.97361 3.17170 2.98641 1.82179 3.92840 1.77697 2.01849 3.56542 3.46139 1.57916 4.11735 3.73002 4.67295 1.57218 0.07470 2.81788 4.91651 4.24888 3.34771 3.51213 3.78820 0.21995 4.51776 0.13726 2.98117 1.19302 4.76423 1.53908 4.78386 2.89571 3.06138 4.55905 3.64511 0.79675 1.32038 2.69538 0.31330 0.66132 1.42190 3.34164 0.24677 2.05788 0.34575 3.54269 4.34515 2.48194 2.74834 0.58461 4.26104 3.17347 4.97618 3.96689 3.20637 0.45163 4.76008 1.62378 1.99505 0.27591 0.60218 2.35155 0.18160 3.14568 4.05350 0.64703 1.32241 4.57925 3.85575 3.91188 0.25263 1.55451 3.97706 2.76887 3.62641 2.06057 3.36022 0.07020 2.99268 0.49569 0.19447 0.75191 4.19379 2.07192 1.45269 2.65706 2.59220 0.74995 1.55615 0.66979 4.40354 4.95494 4.35552 0.28220 4.48586 3.42126 3.18169 0.06880 1.18857 3.81332 4.82092 0.43481 3.07488 3.18268 3.71942 1.60456 3.41351 2.08758 1.10222 4.74507 4.59462 1.13684 4.59382 4.70504 1.00792 1.47216 4.21512 1.36694 3.26406 0.99370 0.67770 2.54285 0.92195 4.01643 1.84452 2.62704 2.47227 4.14776 4.23305 1.48734 4.23000 2.95936 1.92473 2.92495 0.90592 0.02362 2.15316 0.25110 0.99833 3.96189 1.87553 1.36766 1.20317 2.75052 0.50811 1.14540 3.85347 1.92137 0.71145 0.77397 0.93048 3.82569 0.14703 1.21589 2.54116 3.47945 0.75852 4.49430 2.42272 2.93078 2.64239 1.54230 0.14914 1.66746 3.51050 4.95730 4.30085 0.47709 2.17523 3.65494 2.08211 1.87301 0.23569 2.97647 3.28744 
4.34395 3.27784 4.11164 2.71037 0.18927 3.58624 4.34181 2.04429 1.01189 4.62325 2.54139 2.61074 1.69569 2.52260 0.77248 1.05513 2.84606 1.32376 2.45666 2.30577 4.62860 0.27706 3.92664 4.44434 4.13540 2.99786 3.89945 3.85976 2.95016 4.48671 2.74118 3.51303 2.78706 2.74968 2.32019 0.33902 4.78883 3.91100 2.86717 0.69090 2.56890 2.00864 1.56532 0.63331 3.89414 4.23738 0.45512 0.90023 1.39556 3.76453 2.84513 3.06326 4.73488 1.83862 1.37102 3.65639 0.60290 0.09241 2.06642 1.19124 2.59017 4.45285 4.80707 2.70403 0.86426 2.29456 2.59508 4.50050 4.17699 0.68614 1.77664 2.42069 4.67786 1.19347 0.17103 1.31137 4.44934 1.52787 0.55047 3.56424 2.43000 3.80575 2.09365 1.91401 4.23192 3.65640 1.56495 0.06668 1.26979 3.35449 4.59757 3.78838 0.03643 0.43056 3.71286 3.48372 3.41949 2.33652 0.54654 2.95528 1.74899 2.11183 2.21337 2.39862 3.08768 3.15085 4.18757 0.95630 0.87434 2.04299 0.45025 0.54772 3.85339 2.61595 0.72797 0.69577 1.67598 0.22055 4.26612 4.68691 1.24535 0.55621 0.92452 1.39461 4.86067 4.94184 2.20530 1.24976 3.25331 3.52138 4.70730 3.20364 3.42187 1.98185 4.10881 4.66201 4.67734 2.61820 3.09964 0.60313 2.87844 4.06039 3.28295 4.77168 4.54633 4.37939 4.34151 0.57565 3.42354 1.19761 4.18579 1.22998 4.31812 0.57307 3.17508 1.68094 4.43299 4.92335 3.20656 3.81549 3.21152 1.86396 1.70946 3.58433 2.37339 1.20590 4.64843 4.63258 0.81451 1.27837 1.14565 3.29437 1.39712 3.39590 2.46793 0.83471 1.06293 1.49576 0.91360 4.35063 1.81497 2.44332 0.67271 0.02427 0.79050 0.09242 0.44950 3.46932 0.19643 2.13843 1.53441 4.76280 0.31375 3.99659 3.92499 0.70215 1.06361 2.15239 0.93424 2.68901 
1.56216 1.33887 2.56390 2.20548 0.39962 1.07280 0.19248 1.37608 0.41620 0.48482 1.44356 4.34361 1.40958 2.60770 1.05513 2.93426 3.57948 4.72883 3.99296 4.01699 1.20820 4.22655 4.58648 4.81598 3.00257 4.39731 2.12711 1.65909 1.80044 3.97920 4.36940 1.42668 1.66967 4.99128 1.46003 2.86730 1.49952 2.82931 2.36132 1.62030 1.89040 4.62581 1.48433 2.80737 4.02639 0.47931 1.43085 0.48112 0.15238 2.97274 2.24896 0.57656 0.96373 3.55037 4.51766 2.25052 3.72021 2.07676 2.87920 2.51847 2.18182 0.60918 1.83340 0.01381 0.63215 2.75251 4.96283 4.06137 4.80049 2.18863 1.55405 4.33730 4.54917 3.16338 2.36591 0.39745 1.78276 2.03436 4.13392 3.71444 1.32591 3.92141 0.12034 1.44275 2.06168 1.12632 2.46627 0.50554 1.61964 3.19395 4.38608 4.29554 4.43859 0.24826 2.99125 2.03650 3.33056 0.85377 3.13216 1.84571 2.35936 0.00786 1.50937 2.66007 4.17584 2.66783 3.10393 4.27855 1.07443 4.24636 1.89704 3.87693 3.23965 3.88397 2.84748 0.96317 2.61924 3.71894 1.14040 1.06407 0.91280 1.34524 4.04815 3.61941 2.51350 1.77585 0.10483 1.96451 4.23817 4.43846 4.20618 2.71643 0.07099 2.52886 1.23954 3.85487 4.31174 2.76661 2.72063 2.77207 1.73579 4.64913 1.98018 3.22661 4.05440 2.42381 4.78171 3.59421 3.91687 0.50966 0.95733 3.89153 3.36556 3.14718 3.08217 3.53360 3.37944 0.85931 3.24432 1.65384 4.39757 0.42181 1.24970 2.50214 4.37002 4.59514 0.78548 1.07885 2.44843 4.82270 0.07544 1.85166 2.30132 1.48606 4.83410 2.43199 2.76038 0.49226 3.06770 0.20494 4.00386 2.89309 3.69913 4.56230 0.33344 0.67202 1.59520 3.98439 4.26309 1.63013 1.35093 2.36102 3.71520 0.63428 1.90102 3.69318 2.60397 2.11415 0.46806 0.43832 
1.48236 3.49542 3.09861 2.69118 3.11009 0.91587 2.97571 2.81062 2.43424 1.21263 3.20819 3.46863 3.53862 0.24839 2.84606 3.57948 4.61216 2.19230 1.56601 1.96952 3.05930 0.86473 2.32122 2.83045 3.08295 4.20687 1.57981 2.05670 2.96395 0.23032 0.48458 1.87467 3.01995 0.15268 2.03759 0.61010 4.65376 4.94213 0.74112 2.87071 4.60342 1.85961 4.62274 1.69669 1.31646 1.72666 0.70574 4.78526 4.42109 3.00212 3.45800 4.43351 0.14075 1.74370 4.62812 1.05006 4.98610 1.77413 2.61222 4.95855 2.34114 4.05931 1.55752 3.45399 3.45753 4.45728 3.53473 4.33105 0.59735 0.71172 3.55220 1.23655 4.47031 0.26730 3.95640 2.51741 4.94057 0.18312 4.89864 1.75220 4.11509 2.94613 1.34391 4.83504 3.14341 1.25123 3.36923 3.49454 1.27355 1.05676 3.82315 1.09850 1.22571 3.26226 0.39165 1.84415 3.71124 1.83316 4.59781 4.24038 3.77547 1.84015 3.62924 2.63536 4.55709 2.73969 2.28107 4.36428 2.40243 0.92703 2.87901 3.52524 0.05815 0.60189 4.23073 1.02777 3.79104 2.83607 3.38211 3.19159 1.78750 0.28554 2.93282 1.05045 1.50025 2.69006 4.61169 3.58728 0.80504 3.42051 1.71345 1.29553 2.86975 2.21782 2.35358 0.83454 2.62323 2.59353 0.57580 0.68281 4.13491 0.38543 2.42810 0.85552 0.21362 2.76640 0.75651 3.15700 3.12770 4.75030 0.71399 1.50444 2.70504 4.41568 2.67541 3.45702 4.74605 2.74369 1.23093 3.79184 4.87075 2.03541 1.31222 0.31066 4.71131 1.31063 1.91256 0.77281 1.97918 2.19613 0.68604 2.11327 2.00147 1.46632 1.35947 3.80881 1.09189 2.31146 0.03589 3.23995 4.74734 1.36415 4.29981 2.20672 3.43225 4.62767 3.50491 4.88803 3.30942 2.41274 3.70527 3.68888 3.01965 4.72254 2.61610 2.74975 2.71527 2.82831 3.51076 4.75421 
2.66076 2.50316 3.50184 3.04886 0.30671 3.23235 3.93037 1.31477 4.84775 1.69134 4.85689 3.84997 0.00030 0.54212 1.32376 4.72883 2.19230 4.36675 4.97600 1.59394 4.87460 4.63017 1.76321 2.66862 1.75351 1.67090 1.05860 4.63446 1.79674 1.55846 4.81291 3.83162 0.42063 3.59592 3.47275 1.55485 2.37489 3.02841 3.27093 3.30357 3.67661 1.43678 1.57733 3.86480 2.82045 0.10062 4.97486 3.02260 4.75535 4.18722 4.32799 2.19253 3.07413 0.65786 3.96659 0.24915 0.08684 1.78918 0.17350 3.17207 4.03220 3.58391 4.47583 1.31943 3.91830 2.63291 3.16280 4.35196 1.12070 0.11944 1.92862 2.29446 4.35334 3.19783 3.33766 4.42105 4.36885 0.39505 4.78095 1.58639 3.34602 1.57701 1.91306 3.06380 2.44311 2.38449 0.98253 2.67523 1.19938 2.51167 0.57999 0.05506 3.06846 4.29593 1.78704 3.84339 4.28657 4.47723 4.50485 1.78373 4.88612 4.72430 3.44243 1.44956 3.03854 4.30873 0.24510 0.25476 1.07489 2.72505 4.01838 3.63976 0.72302 1.83107 2.85251 4.76079 2.99800 2.33760 3.25826 2.55049 2.17781 0.96807 0.89351 4.83734 2.72827 2.98627 2.87857 4.99748 0.45490 4.84472 3.98007 4.81987 1.55109 3.61714 3.18179 4.36305 3.28233 0.46793 4.67566 0.30605 2.44859 4.39116 4.19658 4.89646 0.35725 3.67391 0.31674 0.09343 3.12750 0.24698 0.81479 3.92338 1.74606 2.16394 0.37417 3.71043 2.36915 0.67151 1.55533 2.52451 2.08669 3.61541 1.46736 4.48770 1.35223 4.57174 4.65264 1.08774 4.86318 2.05122 0.04013 1.22726 3.12715 3.22829 3.14112 2.76466 0.75416 3.87826 2.00855 2.91842 2.60542 2.92941 2.48659 0.26885 3.94456 0.26439 4.39931 0.62240 1.26832 2.03350 0.10214 4.64256 0.33380 4.81350 1.11135 3.60141 0.29613 4.88885 0.77808 3.58745 
0.42479 1.60657 4.09775 2.90203 4.66498 0.41529 0.93853 0.87766 1.45693 2.25076 1.13512 3.56946 2.57647 0.99304 2.45666 3.99296 1.56601 4.97600 1.77389 4.81932 3.45389 3.00381 2.97268 2.25132 0.65430 1.70653 0.82743 0.73143 1.04102 0.93294 2.02932 4.58368 4.86824 0.53649 1.04798 1.85052 4.95563 0.52567 0.05839 0.89499 0.42281 2.56290 3.45438 1.68511 2.83505 3.74526 1.24835 1.58375 1.13603 0.50586 0.69585 3.84811 4.67624 2.95400 0.47084 4.08577 0.75766 1.03938 1.38591 3.84930 3.70983 4.97227 1.18488 4.99567 3.46815 0.76507 3.22104 3.64836 3.65072 2.25377 1.71385 1.73041 3.01126 1.69914 4.79400 4.37349 1.99700 0.01064 0.19822 0.73390 2.65405 3.75174 2.46166 3.18146 3.81936 0.60771 1.93020 2.68363 3.01668 2.67805 0.23390 2.83798 1.66019 2.31138 3.83616 3.15359 3.56935 3.76345 2.41281 2.23067 4.74434 3.52699 4.58832 4.71179 1.25461 4.06801 0.63002 2.69209 4.69289 0.98713 0.19941 3.48681 1.26099 4.40060 4.00586 3.70672 0.32666 0.96396 3.98237 4.82441 0.44737 1.31881 3.38469 2.30310 0.94827 1.47032 1.44150 3.77343 3.29722 4.35798 2.98909 3.19119 0.69903 0.58693 0.00258 1.78982 3.56835 4.38133 0.37927 1.49516 1.20177 1.50732 0.48632 1.22806 1.99590 0.41272 3.30417 1.75299 0.72079 3.62746 1.88296 3.90128 1.50497 4.56462 4.88731 0.70679 0.49715 1.02365 3.29531 4.23455 1.39432 2.70619 1.60323 2.29170 2.75034 4.95994 1.88343 1.31015 0.86359 2.32958 1.66900 1.14605 0.07682 0.64568 3.26622 2.40938 0.07378 3.66762 4.80078 0.91184 2.62111 0.32400 1.11331 3.49237 3.65465 0.49185 2.76672 0.57227 2.44732 4.91363 0.59562 4.42537 2.20225 3.17699 3.80516 1.08167 3.99662 4.84951 0.95329 3.66473 
3.55061 1.75630 0.08160 0.74440 3.68974 2.71861 0.34861 3.90087 4.59231 1.24860 0.86830 0.64237 1.84039 0.79957 2.30577 4.01699 1.96952 1.59394 4.81932 1.84620 3.55670 2.77110 0.58314 0.38056 2.47128 0.68714 3.53706 0.40845 3.81493 2.82409 4.58087 2.53069 3.29476 4.78293 3.21728 1.02425 0.15832 3.57710 2.53619 1.90173 1.76745 1.93737 1.99930 0.35049 1.29721 4.88869 4.49055 2.50826 3.65752 0.97055 0.47839 3.64812 1.82644 4.89967 0.48348 4.56465 2.05437 4.48163 1.82032 3.09247 1.44161 0.49067 1.72984 4.89289 2.06955 4.33282 4.37871 3.63908 2.55279 3.06855 0.74849 3.56529 0.71824 2.73150 0.54077 2.65232 1.26459 2.47712 2.89278 1.95653 3.13442 4.52077 4.83058 0.29064 4.88004 1.87174 4.02401 4.49425 4.22693 0.78621 1.98003 2.33404 3.05569 1.59748 3.38947 4.91742 1.11895 1.03954 2.88922 0.73867 4.48594 0.46703 2.12003 2.77902 1.23014 1.04987 3.14142 4.70777 1.52713 3.34715 1.14539 2.26192 3.65835 0.85864 0.01215 1.47970 1.48532 4.63141 2.74050 3.11681 2.59711 2.63666 4.71741 1.35093 0.38630 3.00240 2.36285 2.67596 0.88530 0.82000 1.98319 0.67566 2.92255 3.86756 1.91784 3.44864 4.42709 2.39588 3.88650 4.71357 0.92889 1.99099 2.09830 2.76201 4.14305 3.30066 4.31748 4.23328 2.17718 3.13719 4.98415 4.27554 1.31757 2.63906 4.34302 0.72150 1.50017 4.99305 3.65964 0.96728 4.69270 4.83714 2.21394 4.89662 2.25533 4.24071 3.20800 0.36770 3.42570 0.90095 4.75133 1.98015 2.92219 3.41685 2.07724 0.39890 4.07486 3.66871 4.37157 4.84073 1.18958 3.11263 4.47575 3.16722 2.10772 3.31663 3.06581 2.69270 1.23452 2.14385 3.15275 4.45196 4.03582 3.40629 1.23595 3.50498 4.01997 0.55242 2.64621 3.43531 
1.05948 0.03103 3.43362 0.11787 1.51630 2.01122 4.07695 2.46553 3.85632 3.42190 4.07746 0.61506 4.59447 0.74364 4.62860 1.20820 3.05930 4.87460 3.45389 3.55670 0.17191 4.44668 0.40800 2.65566 0.34618 2.68766 0.83939 0.42612 0.17841 1.28432 4.49243 3.65420 2.07877 0.16024 1.45764 4.94475 4.02988 2.63234 4.44241 3.94511 3.44638 2.16142 1.95785 2.55655 4.74766 0.70237 0.87231 4.90593 1.55167 3.49704 0.11599 1.26832 1.28162 1.21292 3.44222 0.15706 3.27185 3.69807 3.50157 2.13511 0.21143 4.01372 4.58854 0.21211 4.53808 3.73872 3.94320 3.96407 3.51933 2.18729 3.48652 4.31501 2.57824 0.21819 4.03536 3.64734 1.54624 2.76784 3.96725 2.03342 2.08311 0.34367 4.71457 1.70807 0.38518 0.15155 2.48025 2.80819 2.41344 4.68974 1.94122 2.10125 1.38830 3.86375 4.09153 1.19461 4.90403 3.50343 1.56407 1.17567 2.16828 0.59493 0.93845 3.97352 2.04024 1.27438 4.51528 2.97359 3.46012 1.32147 3.52392 2.65909 3.78373 3.39580 4.58642 1.72167 4.47583 2.88599 0.72608 1.18488 0.60627 3.00490 3.16989 2.44936 0.93259 4.62843 4.42395 3.71104 2.85389 0.51014 4.51501 2.16066 4.76377 4.53097 4.19489 1.56268 1.90861 2.88815 1.24450 1.88038 2.63292 0.86788 1.62720 1.28334 0.24054 4.56420 3.10440 4.19781 1.76201 4.53659 2.40873 2.66716 4.85092 1.57822 2.17953 1.63876 1.25848 4.08645 2.50223 1.41957 1.79461 0.78211 0.09640 3.31133 0.07940 4.95912 2.39872 0.78870 3.44063 1.01415 2.05691 0.79089 4.00667 1.60779 0.65181 0.10839 4.88020 3.55310 3.89863 4.13707 3.52360 0.97179 4.63965 0.69837 1.42389 4.66694 1.76134 0.26791 2.28111 3.24931 2.77485 0.97864 0.44315 3.74037 4.35442 3.65624 1.92104 1.03267 3.18908 2.97208 
2.31430 2.01484 1.42926 2.75322 1.52514 3.26860 1.60063 4.35977 0.87803 1.24104 0.48656 4.99316 1.88871 1.19045 0.27706 4.22655 0.86473 4.63017 3.00381 2.77110 4.44668 2.90597 1.29025 0.26609 3.45830 3.38412 0.64916 4.25547 1.59330 2.83263 2.15971 2.23298 1.73685 2.47206 4.98495 2.18041 1.25144 1.55464 0.31929 1.79729 4.39849 3.35582 0.16032 0.29555 1.33069 3.09831 2.99740 1.31884 4.82987 2.92643 4.17170 3.61156 3.05490 2.23439 3.31262 0.88064 4.98716 1.36990 4.01904 0.65724 0.09117 2.73594 2.18691 0.22921 4.87069 0.11446 3.89710 2.62040 4.00210 0.16897 2.08116 0.52434 3.89908 2.34626 0.74439 2.33178 3.31767 1.10381 2.01394 2.33854 1.68678 3.61867 4.81624 2.68853 1.56505 3.97993 0.39907 0.04226 1.12431 0.69065 1.97625 0.70105 0.06821 0.98282 4.46931 3.43878 3.46229 0.62145 1.08541 4.46476 0.70917 0.19894 2.44109 0.27125 3.30836 4.32148 4.20853 1.00829 2.12881 3.00292 2.11923 3.01463 1.06033 4.21360 4.35509 3.14963 0.03757 3.10140 2.34064 0.18638 1.31936 4.39401 0.12478 3.20435 3.40499 0.90831 1.51256 1.26234 3.25389 3.69910 3.93743 0.63249 3.30189 4.95907 0.51354 0.16813 2.71780 2.38189 0.49319 4.48588 0.08023 0.88441 0.39443 0.23125 1.16586 1.68115 4.73049 4.82245 2.39291 3.05938 3.64153 3.42548 3.05467 2.42653 3.82801 0.09193 3.27958 4.41895 1.24594 3.71680 1.46932 3.96468 0.73112 4.86466 4.17423 1.08903 1.46043 3.32857 1.17393 3.11408 2.27438 4.17528 2.22672 0.41997 4.91934 1.78399 4.14850 4.56053 3.21852 2.18332 4.77234 3.72958 4.74725 0.65513 4.94484 4.09051 3.42372 3.81492 2.13283 3.56342 4.38825 2.05016 1.87151 4.32632 3.94067 3.54280 1.18630 4.56267 0.15092 1.00443 
0.19613 0.97239 0.49018 3.81406 2.58462 2.37739 0.80637 1.91292 4.01307 4.23108 2.35861 3.47882 3.42476 3.14121 3.92664 4.58648 2.32122 1.76321 2.97268 0.58314 0.40800 1.29025 0.10015 4.17465 4.01655 0.48621 2.30545 2.09294 4.88247 1.10603 4.27541 3.02936 4.88534 3.56829 1.33033 3.63256 3.76110 3.88260 1.10579 3.87968 2.73989 4.55489 1.21565 4.54450 2.92694 0.70390 1.71453 0.86657 2.46812 0.41743 4.87270 2.26353 1.55959 1.21339 4.23798 1.50284 0.57624 4.61159 1.51181 1.11856 3.05429 4.59189 4.27268 1.72670 0.21913 4.54424 3.48394 3.97996 1.14893 4.27815 4.29333 3.19387 3.41118 4.71313 4.21828 1.67246 2.21058 3.12312 3.09022 1.72991 0.30071 1.74682 0.35801 1.62666 0.40273 4.33899 2.60798 3.66213 2.85656 3.84693 2.60719 3.55555 3.12379 4.01882 2.30660 2.82997 0.43792 2.94020 0.11932 2.03705 4.93212 3.44900 0.31128 0.43255 2.49637 3.18514 2.48166 3.75990 4.15453 3.91420 1.16926 2.51412 4.09405 4.34578 1.47925 0.84698 2.51307 3.20347 1.99007 0.81074 3.01238 2.94478 1.85883 1.10911 4.39843 1.56593 2.10959 1.88582 2.97309 3.03873 1.25515 1.30172 3.86891 0.43597 1.18908 1.96722 0.89641 1.92021 4.29076 0.45794 4.06000 4.85031 1.83684 0.66557 2.18109 4.04472 4.61533 2.15389 0.45270 0.11322 0.42346 0.80102 1.70640 4.00452 1.31172 2.12537 1.36718 4.93087 3.75062 3.89485 4.62873 1.42755 2.66317 0.99987 1.12399 1.93269 4.62902 1.49281 0.07334 2.26615 0.74999 1.03384 3.54630 2.22439 1.22287 1.37845 2.50678 2.05880 4.72365 0.65243 0.86432 3.37680 3.22611 4.90773 4.91589 2.39710 3.89251 1.27718 0.62699 0.04423 2.55011 2.15028 4.91675 2.01128 3.94573 2.39721 0.92635 3.22757 2.22288 0.25794 
3.14264 2.87612 3.27256 4.20075 2.24551 0.79975 0.00407 4.16763 1.22958 3.19899 1.22188 2.80692 0.35199 1.57203 4.44434 4.81598 2.83045 2.66862 2.25132 0.38056 2.65566 0.26609 4.17465 4.56999 3.59924 0.74066 3.09003 2.09640 3.04987 4.62664 2.49784 1.98862 1.76727 1.08361 1.23072 1.06071 0.79578 4.03366 0.68528 2.79027 1.22506 3.84544 0.44133 2.67250 3.88158 3.63950 2.33050 2.06776 2.68335 2.57037 4.42746 0.71547 2.36837 3.93824 0.67402 2.83043 1.73928 2.46037 3.72453 4.71577 2.60908 2.33610 0.92674 4.80297 3.40293 0.24720 1.03392 2.35255 2.62812 3.35795 4.45384 3.05952 1.81771 0.00032 3.26722 1.04900 4.87319 4.66515 4.34554 4.21778 1.15806 1.36141 1.13698 1.27569 0.04944 1.37416 0.80339 3.82123 4.64983 4.04459 0.63281 3.20454 0.84925 4.84165 3.03700 2.09703 4.15181 3.69667 0.00452 2.61447 1.52421 2.16507 0.91433 1.49323 2.76139 4.37256 0.93688 1.36872 3.41136 4.13696 4.43745 3.27065 2.46278 1.94860 3.44576 2.35895 2.72159 2.28657 2.22625 1.95347 2.92357 0.77010 0.65100 3.54285 0.12619 4.94440 1.58411 0.62679 1.16294 2.70913 1.98906 0.58942 1.93563 2.97292 2.39239 1.91061 4.96495 3.59514 1.61642 2.69035 4.95543 2.92142 0.03455 3.93631 0.59037 1.67279 2.72486 1.29581 1.42469 3.88304 3.78655 2.80555 2.55286 1.34057 3.24057 1.88960 1.79564 4.25903 1.62598 2.82058 4.96828 2.92829 3.91127 4.43130 1.49650 0.96826 0.21117 3.24110 0.26037 0.68278 1.09886 3.76191 3.23449 1.37921 4.85967 0.44478 1.81164 1.44863 3.69023 2.09467 3.84281 2.38716 3.71679 2.14680 2.48543 0.75418 1.41438 1.69436 4.15227 1.61119 2.94554 0.76852 0.81289 1.14311 0.51157 1.98586 1.87752 2.64341 0.69310 1.13594 
