2.10788 0.86418 3.88279 1.42935 4.05887 1.02877 3.81021 1.48750 4.75293 3.80841 0.12355 0.04770 2.21315 3.83284 1.62816 2.96996 1.61507 1.33892 2.64573 4.29633 1.60879 0.13127 0.10246 2.04903 0.69250 3.34538 2.37169 0.51266 2.75243 0.96144 3.93754 3.69109 1.54740 2.01960 2.48675 1.02410 0.24525 0.88259 1.37018 4.87750 1.87136 3.88797 2.67475 4.12358 0.35653 3.61513 0.10097 1.85105 4.56255 2.37713 1.90372 4.88144 4.39866 1.62508 3.79463 1.02287 0.74377 0.74560 3.65876 1.51550 4.06756 3.33655 1.45706 3.77200 4.25310 3.89125 0.78602 0.60076 0.40574 2.91032 1.27918 4.63238 0.27280 2.62708 3.65956 0.61592 3.06981 2.68731 0.60131 1.78103 4.92697 0.50748 0.21174 2.19605 1.13958 2.46363 4.49618 3.31620 3.87499 1.18217 4.47849 4.98900 0.79320 2.73703 2.09513 2.54605 1.15496 3.55728 1.70201 0.19770 3.79060 0.94476 2.18879 0.39574 4.79055 2.75053 2.70664 4.73145 3.85715 0.49900 2.82240 3.08515 2.96439 1.94221 3.21759 2.38616 0.73993 2.11805 3.57543 3.42914 3.88263 3.74376 0.02755 4.62700 3.92120 0.55071 3.96619 4.46930 3.80766 4.63281 0.43286 3.35645 4.71641 2.29541 1.95444 4.65839 1.11991 2.33634 4.15875 0.51644 1.75889 1.32754 2.82831 4.48766 4.68471 3.78303 3.07232 4.49557 0.67886 0.16525 0.85671 0.27279 2.24619 0.39126 3.34209 1.09042 4.12120 2.82785 3.96436 1.79513 4.04827 3.01102 2.34488 2.20488 3.11489 4.37088 0.34378 1.63303 3.39095 0.79611 3.54322 3.56189 0.20605 3.71787 0.35693 0.31172 4.37074 1.64697 1.76100 3.44940 3.69764 2.45139 2.29929 2.85063 2.62486 1.63540 3.77016 2.92531 0.80021 2.07447 1.59961 3.89319 2.50173 1.99884 4.86782 3.96615 0.49195 1.00846 4.81126 0.36720 
0.86418 3.71397 4.87495 1.17133 0.75959 4.41002 0.25437 2.31441 2.54250 2.19498 2.93681 4.68753 0.71346 1.15129 3.21241 1.99283 1.42801 3.57674 3.48399 3.82305 0.78181 0.94738 0.62775 0.27539 2.68169 3.43384 4.34710 0.89406 1.39342 3.79687 1.01059 1.83934 4.59449 1.19755 2.17094 0.36667 4.60886 4.78736 0.16481 4.96097 0.25359 4.43391 3.25605 2.01326 0.12934 0.52034 0.65159 0.96912 1.69008 2.00081 3.15854 1.90560 2.43380 0.26390 3.11344 3.50769 1.67300 3.45201 3.67525 1.18175 4.63038 4.70157 1.38845 1.34589 1.82408 2.93940 4.67407 2.82227 4.57419 3.91986 2.25626 2.28812 3.89676 3.78014 3.46838 0.24957 1.42531 4.58270 3.47411 0.33030 4.38792 4.80150 1.08056 3.42529 1.09935 4.07809 0.48537 3.58541 1.13245 1.55362 2.79065 3.26179 1.99748 1.79016 2.81254 1.65819 4.16849 4.48964 4.82473 3.58679 2.99352 4.54962 0.68309 3.08732 1.95490 2.25203 4.90165 1.60430 3.90298 4.74576 0.87864 1.19349 2.97295 1.27589 1.62731 2.78036 4.56202 0.54561 3.14690 0.17225 1.85048 3.02206 1.40226 4.34876 2.20406 3.15854 4.77033 2.55315 3.40967 2.28700 1.59179 3.17948 3.03745 1.10938 1.04697 4.21000 2.45829 4.20108 0.19648 3.58215 2.79980 1.03857 3.50602 3.95182 1.71969 3.72365 0.15708 3.72677 2.59285 3.63486 0.65445 1.34992 0.02805 4.67038 0.72902 0.75576 0.48616 1.92421 2.93086 3.86410 2.80336 0.56742 4.07013 4.33415 1.21909 2.28801 4.32890 2.51901 1.86415 1.91693 2.29928 1.33899 0.82726 1.26425 2.84489 4.35178 1.83668 3.77958 3.80406 0.62407 0.17317 3.39748 0.50305 4.60281 0.77531 3.93265 2.50265 1.31310 1.17016 2.14622 1.21649 2.15390 3.12172 0.24553 0.09776 0.87197 1.95482 2.13106 1.15328 3.03148 
3.88279 4.87495 3.79950 1.33003 4.09986 0.28996 2.38491 1.81249 1.59441 3.88715 3.06585 1.96881 3.54265 3.06017 4.01819 1.02410 3.49394 0.24403 2.72357 4.30298 4.86505 2.29101 4.16218 2.65527 1.08157 2.95445 0.43421 2.26861 2.39240 1.20324 1.67574 2.17660 3.88402 0.75306 0.16720 0.31196 1.21359 1.47164 2.95019 2.63226 2.48401 2.00914 3.26997 2.98464 0.02140 1.35510 4.90139 1.18514 3.18418 4.78289 1.25057 4.62212 2.66016 1.32610 2.86330 1.29400 0.49821 1.07264 3.12685 2.94331 4.70771 3.95801 4.98992 2.12612 4.05266 3.70360 2.11542 2.07343 0.40805 2.15802 1.14399 3.86465 3.05012 2.65310 3.50857 4.18910 0.66641 0.44353 3.27965 4.15683 1.91826 1.73375 2.81898 4.71180 4.62042 2.85187 1.01050 2.06737 0.14906 1.46273 0.65963 3.73501 0.50892 3.24565 0.39547 1.55059 2.61855 4.63425 3.37025 1.15989 1.17423 4.23038 0.97201 1.63585 3.86997 2.58155 1.10200 4.83610 0.55428 4.63631 0.71921 0.23242 0.94184 2.36631 2.92825 4.85670 4.94773 2.53306 0.94343 2.70329 4.32710 3.16504 1.56231 3.03981 1.66806 1.04330 3.04437 0.13175 0.56100 3.93586 3.43170 4.54481 2.94224 2.80114 1.74192 0.51033 2.75247 4.04360 3.18389 3.51727 4.55464 0.76090 4.62235 3.91842 2.09743 3.89728 0.17969 1.63406 1.78895 3.20388 0.79695 0.12329 4.04250 3.81115 3.16846 2.42918 4.67876 4.21324 2.05703 3.93847 2.30356 1.23895 3.13290 0.32069 0.44162 2.59155 3.15627 0.10413 2.38597 4.25086 3.24175 1.33045 3.24208 2.18065 3.75491 0.41613 3.60210 2.62347 3.95482 2.59093 0.10590 4.81020 3.11944 1.32349 4.83652 2.19544 0.58774 4.86728 1.89046 3.64914 4.88772 0.23834 4.47025 3.20495 0.06262 1.48760 4.70606 4.56333 3.08123 3.35835 
1.42935 1.17133 1.33003 3.94324 4.16969 3.14600 3.27081 0.07781 1.19306 2.07457 1.88828 2.40731 4.49628 3.20706 2.26915 1.43994 0.85565 2.41688 2.16556 1.80233 1.41308 2.41657 2.40096 0.26229 3.05127 1.24072 3.34433 2.47384 0.00889 1.35109 2.33947 2.22281 0.30416 0.49104 3.97276 4.14334 4.12985 3.16717 0.34469 2.36064 2.30686 3.35990 1.01076 0.64068 0.63763 3.86665 2.07792 3.07106 3.85155 4.12276 1.57799 4.31306 0.06441 0.68694 0.82233 0.13637 4.83057 4.03729 3.99670 2.43618 3.01356 1.31907 4.94801 4.72643 1.66719 1.08828 0.49957 3.27059 3.74962 2.48147 4.90602 3.44766 3.89812 4.14019 4.30963 3.62981 0.29721 2.35888 1.51403 4.07148 2.27084 2.49374 3.66741 2.95666 4.02569 2.55362 3.80412 1.53072 0.64162 4.93337 4.78001 0.94055 1.13495 1.49019 3.24425 2.13727 3.16428 3.09995 4.59740 1.65056 3.67725 2.66454 1.71547 3.74436 0.74512 2.42611 2.78319 2.00819 3.75123 2.73558 3.22978 0.75382 1.50586 4.93106 0.24012 1.17798 1.28632 1.21959 4.00753 0.45164 4.04456 1.88810 4.07529 0.11602 3.39921 0.46661 2.19784 1.14433 4.61335 0.74930 0.94535 2.08305 1.64886 1.67355 2.22216 2.96428 4.94224 4.74104 2.30922 0.40304 2.64254 4.91990 4.44854 4.01377 1.33004 0.22779 1.23376 4.12775 2.35242 3.59977 3.66293 2.72567 2.79590 1.28313 1.04738 0.55392 0.19094 1.16793 4.59386 1.93273 1.53944 2.90342 1.31723 0.73216 0.36275 0.81762 4.56814 1.15825 2.69271 3.95335 1.33743 0.20528 0.26214 1.56440 2.22794 1.06731 2.36353 3.24183 0.55913 2.21865 3.71684 2.22304 2.12303 2.85106 3.26818 2.09269 4.16744 4.55621 0.69296 2.93342 2.90740 0.55569 0.82986 4.39663 0.31602 3.97338 4.67012 2.21640 1.81547 1.01313 
4.05887 0.75959 4.09986 4.16969 4.48025 0.40928 3.36701 3.92151 4.27211 1.02234 0.07077 4.08244 4.04268 3.49468 4.85218 1.88842 1.89555 3.87250 2.88882 0.36875 4.49864 4.60444 0.77056 2.21599 4.01740 0.98746 3.77577 4.45101 4.14308 2.52970 0.26838 3.69767 0.58211 4.24702 0.89592 3.92004 1.11968 3.86674 1.70936 3.60791 4.36997 3.93237 3.38350 3.20548 1.59350 0.19604 2.63617 1.06997 0.53048 2.46407 2.60814 1.25295 4.36671 1.19108 0.14859 2.83002 1.52827 0.76834 2.56831 3.60215 1.57164 1.24477 2.77939 3.57261 3.59342 2.47933 4.78338 2.31219 3.18634 3.72980 4.03596 0.88636 2.39439 0.91638 1.28242 1.48187 4.50896 1.19410 1.39392 1.86853 3.05872 3.66332 4.54690 1.82114 0.40046 1.63284 2.67811 4.14323 2.85539 4.62032 0.55396 4.84379 3.05893 0.47608 4.44742 3.76057 3.82214 3.59935 0.38892 0.77220 1.32452 0.08404 4.21143 1.04245 2.37236 3.89072 2.24757 4.17148 4.03021 3.35174 0.05028 2.94586 3.44815 3.74062 4.03294 2.66372 2.71189 0.49059 2.48351 1.92532 3.09975 3.34889 2.16636 1.81193 0.06985 3.17654 4.23918 1.59391 0.46612 4.82109 4.67851 3.40896 4.93471 3.03260 3.91172 3.70555 3.00775 3.49067 1.12413 4.95852 2.13175 1.84839 4.36479 4.11142 2.49949 0.16456 3.37261 0.09312 1.56121 4.02990 1.13530 2.37932 3.73027 0.13948 4.86675 3.03850 0.01544 2.51998 0.02488 0.70723 3.07574 1.28656 1.51333 0.00404 1.73981 2.83308 1.52743 2.61095 0.11126 0.10817 4.97166 1.55591 4.51045 0.90774 2.73436 0.62068 2.21471 1.43359 3.73990 2.61245 2.04999 4.19575 4.88352 4.88226 4.67196 4.33925 4.10437 0.69059 0.93134 1.77924 1.77356 1.12660 2.14297 3.95414 1.71284 3.42757 0.73024 3.33516 0.85236 1.94401 
1.02877 4.41002 0.28996 3.14600 0.40928 1.47180 1.04287 0.26084 3.20423 0.07852 3.45121 4.90624 4.68033 0.73187 3.64610 1.53833 4.90370 3.44317 2.13809 2.92632 2.55778 0.08551 2.60233 0.87466 2.45408 3.91020 4.38007 3.90865 2.81588 1.50698 0.47516 3.84044 0.82376 0.98791 1.21909 2.05715 1.76631 1.66924 1.26642 3.91798 2.56518 4.46034 2.17721 1.10111 1.66067 0.32644 1.30856 1.73544 1.83545 0.62005 3.78817 4.21372 3.18090 0.33821 4.89826 4.37503 4.06191 0.78802 1.63074 4.32355 0.18004 0.07609 1.55885 3.21179 1.06584 3.88916 3.53484 2.44810 0.02389 4.32862 0.30011 0.71714 4.50957 4.99325 4.56615 4.04628 3.51487 0.97886 4.88215 0.66996 4.99014 0.15416 4.98565 0.28649 2.91468 2.66644 2.88370 2.25828 4.96683 4.58434 0.62747 2.55751 0.02551 0.36611 0.32547 1.62581 0.98057 1.18658 1.04215 4.51117 3.63747 4.31574 2.70567 4.51986 4.29984 4.73219 4.31132 1.41908 1.90541 2.00868 2.56754 0.83158 4.21084 3.52201 3.65645 1.65021 0.37901 3.02933 3.13748 0.98377 4.65869 0.19635 4.83565 4.63155 0.47760 1.35512 2.14781 0.31830 2.84233 1.46972 4.85125 3.74106 1.17472 2.37411 4.68952 0.86264 2.66713 2.95831 1.67538 1.20044 3.53745 4.27497 3.82801 0.11351 1.66755 4.94077 1.54148 0.18451 3.55137 1.65407 2.75886 3.76610 2.12624 2.84695 4.84681 2.04461 3.35486 3.15461 2.48091 3.63830 0.63668 2.50470 3.86450 3.75555 4.60460 4.70340 4.32013 3.39202 0.28286 4.69143 0.27287 2.43857 0.19927 0.44328 2.15079 3.03751 0.94308 1.33487 2.97602 0.08736 1.99968 4.77246 4.82914 3.62160 0.96354 1.78667 1.81141 2.42981 2.50061 0.99713 0.18008 0.94697 2.59346 1.95281 0.51864 1.19493 2.63363 4.97922 2.85876 1.64730 
3.81021 0.25437 2.38491 3.27081 3.36701 1.04287 4.12486 1.70644 2.77826 3.92281 1.00974 0.81880 4.54679 1.45174 3.63843 1.93148 3.22003 4.85468 1.94712 0.04890 1.23651 4.01236 2.62079 1.74950 1.04738 4.37091 0.57135 1.04021 3.80723 4.23925 2.48944 3.96788 2.32798 2.90658 3.12431 1.31433 4.70350 2.69098 3.23800 2.55357 3.05994 3.26766 4.37283 2.24619 0.28850 2.20119 0.99763 4.98488 3.83907 2.79497 1.66904 3.19985 0.36419 4.58796 0.29976 4.66266 3.32446 3.87888 1.78230 0.48677 3.42542 3.98813 2.22052 4.17268 1.72826 2.91475 2.09551 0.66127 3.44649 4.08678 1.38938 4.08261 2.23997 3.90695 2.13911 2.57554 1.38623 4.27074 3.05227 4.12982 2.63618 3.57914 4.72186 3.30463 2.14183 4.52490 0.99376 4.11024 1.32430 0.02868 3.10999 4.52194 0.38177 0.71153 3.14338 0.51415 1.72138 1.67547 1.80486 3.15639 1.54453 0.72539 4.11807 1.97103 1.17951 2.49817 3.47434 3.19498 2.30261 2.90097 2.78542 1.86367 0.63440 3.32552 3.50400 4.30766 2.96026 0.96358 3.17210 0.05075 3.77637 2.25612 1.45175 2.56624 2.57858 4.76195 3.68679 2.49757 4.82080 0.11662 0.41325 3.90525 1.10290 2.99781 2.67930 2.75595 1.89017 4.23692 0.93506 2.12953 1.40539 3.17652 2.81513 2.65756 3.61013 0.72004 0.64886 0.21205 2.94944 0.04305 2.60909 1.28862 4.76962 1.81497 4.24239 1.34519 2.73275 1.83865 0.73229 1.29963 2.79785 0.96313 0.73131 4.70950 3.27248 3.81639 2.38331 4.87012 0.37106 3.58162 1.25119 0.20641 1.65852 0.58718 2.09749 3.19643 0.67730 1.67145 0.74986 1.46471 3.11974 3.03332 3.85761 3.19954 0.73995 4.89415 1.02780 2.27535 2.12353 1.72257 2.26458 3.26040 4.72871 4.84741 0.54791 3.23508 3.76020 1.98353 2.82856 1.18168 
1.48750 2.31441 1.81249 0.07781 3.92151 0.26084 1.70644 3.37162 2.88822 3.31570 2.78679 3.05147 1.06162 0.14916 2.24788 2.42225 0.00185 4.91742 0.03275 4.86646 0.06541 4.86716 3.20973 2.63344 4.89511 3.49566 0.66673 2.32848 2.73387 3.79127 4.25420 0.84225 3.70484 2.04074 2.12191 1.95266 4.40796 2.52968 0.53793 1.58028 1.45523 0.88129 4.56390 4.26689 2.97374 1.28951 2.66008 1.08946 1.67228 0.66808 0.67133 4.33770 3.95902 2.24648 1.52918 0.74540 1.36935 1.46307 4.24158 2.44775 4.41215 1.03231 2.43940 4.66861 3.95451 2.76890 0.53492 1.15316 4.66883 0.43973 0.81298 1.73882 2.47878 2.46414 4.92756 1.08652 3.62173 1.40221 2.98848 0.31801 0.04352 4.64557 0.88294 4.16546 1.64779 4.67065 4.63867 4.73510 3.11613 2.32136 3.46972 4.31665 0.91930 1.37884 1.88712 0.98856 1.96503 0.74748 0.65651 2.43191 0.42726 1.86718 0.95925 0.18263 0.41790 0.95460 1.39513 4.03538 2.67974 4.71641 1.25144 1.92884 4.67196 0.67395 2.06806 0.05999 0.70237 1.93280 4.03083 1.31644 2.94031 1.43782 1.22008 3.20646 2.66501 1.62160 4.58880 2.08367 4.30555 1.10423 1.62044 4.58958 2.18573 1.28731 4.56296 0.30661 1.26993 0.43501 3.60885 2.76423 0.12226 3.10740 3.31481 2.26282 1.14074 0.64277 4.36724 4.76751 3.45098 2.14030 2.70498 2.12424 1.57031 1.01448 4.22882 1.51357 3.65498 4.44895 3.34275 4.78724 0.28195 1.81823 3.38709 2.73412 0.89500 4.54818 2.40347 1.45700 3.25614 2.70451 0.39958 4.67037 1.12108 0.41689 3.40538 0.56954 4.42598 0.72427 2.69454 1.89116 1.19776 4.55545 1.91603 4.25644 3.23633 4.90395 3.88374 2.93688 2.06172 1.21429 3.01949 0.83600 4.25812 1.04063 3.06015 2.97082 1.90872 2.97111 1.51655 1.74885 
4.75293 2.54250 1.59441 1.19306 4.27211 3.20423 2.77826 2.88822 0.41740 1.01084 2.41697 0.25665 0.41498 4.29268 4.25321 1.94694 3.29816 0.42260 1.46247 2.07519 1.03866 0.58080 0.67708 0.99198 0.40860 1.88232 3.82516 4.64346 1.51804 3.47311 2.70617 3.02263 0.26246 3.49733 1.14467 0.70575 2.78576 1.84573 3.26152 2.30937 1.62012 3.48929 2.82603 2.72880 3.65203 3.04801 4.36296 2.33169 3.25869 1.95507 0.49823 4.05253 2.77509 0.38888 0.51615 0.18455 0.19589 4.87895 1.86319 4.92252 0.63321 0.78955 1.22968 4.64903 1.37950 3.47380 0.24663 0.06232 2.44009 0.81952 2.89238 0.44702 2.47227 3.80853 3.57007 4.33101 3.20458 0.04037 4.91403 3.04036 0.51161 2.46544 4.65144 3.05555 3.42519 2.69657 2.98665 2.83205 4.90411 3.66350 3.71141 3.82765 3.23173 2.31245 3.55888 4.78035 1.42669 1.88189 3.71375 1.91132 4.13839 3.68189 3.13275 4.24639 2.64958 1.52358 4.70012 1.91985 0.95686 3.06981 3.78966 2.36136 4.47047 1.56927 4.59322 4.09016 1.83270 0.18393 2.43180 4.32186 4.25511 3.48980 1.03692 4.30737 1.81484 4.62097 0.58556 1.79988 1.41638 4.90861 1.71786 3.01406 4.84531 0.04284 4.25477 1.08886 1.13194 4.63579 4.27067 4.27641 0.56529 1.29682 4.23488 1.69768 1.30033 1.73121 1.30673 2.57318 0.87355 3.05759 1.50304 0.85190 1.76560 2.19687 1.32683 1.32390 1.74456 3.33974 4.78444 2.76463 3.30283 1.74705 2.27860 3.77893 3.41633 1.40605 3.16189 2.59905 1.84985 1.85981 1.30189 3.65674 1.69142 2.17978 0.64347 3.76039 0.99497 3.97443 1.76902 4.83291 4.76012 3.25867 1.93221 3.52747 2.78626 3.26694 2.07121 1.46026 3.65054 1.02356 4.25197 1.06176 3.51459 3.90925 4.72851 2.13113 0.13836 4.13662 3.97557 3.51701 
3.80841 2.19498 3.88715 2.07457 1.02234 0.07852 3.92281 3.31570 1.01084 2.24114 2.09762 4.30821 4.08061 3.70751 0.93187 3.97372 0.31297 0.48920 1.42202 3.32446 0.97316 3.94310 1.81521 3.05774 2.63385 1.70096 2.34047 1.76229 0.51562 1.55941 3.81154 2.62414 4.86574 3.77181 3.62112 3.11959 0.99576 0.11794 1.82324 2.62590 1.99629 2.21779 3.61962 2.89332 3.85848 1.37478 4.99753 4.29313 1.96632 0.30636 3.17040 4.24935 2.60038 0.11103 1.83919 0.60469 4.58470 0.78620 4.68824 0.21025 1.58900 4.24691 4.35089 2.37307 3.89634 1.68886 3.79945 2.07120 1.89418 3.01711 4.53496 2.94611 3.82765 1.04290 0.45269 4.91159 4.85681 4.99435 1.04849 2.95206 2.52469 2.24096 0.99487 3.00814 2.91414 3.78750 4.66799 3.21872 4.04623 3.23065 1.14046 0.67530 1.15113 2.31260 3.49018 3.98265 1.97735 3.66204 2.11082 2.55943 2.15359 1.63692 2.47245 1.77096 3.08867 4.61782 3.47533 1.69587 1.00162 2.53077 1.99929 1.88621 0.38225 0.57651 1.38703 3.70093 1.66095 2.02603 1.65046 4.25399 3.73717 2.81488 4.97290 1.31617 0.60473 3.47727 3.24212 3.50298 2.89614 2.54248 1.61269 0.14782 3.22998 1.84864 1.51384 0.53911 1.71910 0.67948 3.71983 3.85171 3.52035 1.20828 1.54234 2.54810 4.47056 4.33845 0.42438 0.20241 2.45125 3.70252 4.07749 1.31490 4.40449 2.75123 2.25008 3.45508 0.83295 3.60301 3.51592 0.98374 2.06392 2.59416 0.47642 3.15951 2.64428 1.37259 3.15498 0.89932 0.52196 4.40783 0.38141 0.11801 0.42201 1.07965 3.70253 1.96735 2.25673 3.08227 3.97186 1.49225 4.93980 4.90551 3.75712 1.05179 2.47494 1.18382 3.12544 4.15903 2.23615 0.93585 0.11910 2.28648 1.47690 4.23709 3.29238 3.29080 2.03187 4.90461 1.34442 1.82059 
0.12355 2.93681 3.06585 1.88828 0.07077 3.45121 1.00974 2.78679 2.41697 2.09762 4.09048 1.94342 1.03449 1.79401 2.71553 3.06773 4.91133 3.43995 2.29242 3.71681 0.71545 0.67682 4.36921 1.92391 1.73415 1.71054 2.88235 0.84878 1.59859 0.63757 2.75700 1.07119 1.52895 1.77585 0.47810 1.07571 1.45701 1.16613 3.80531 3.09027 3.71272 0.70624 2.16078 4.31521 1.55588 0.23277 4.86656 3.97964 1.10049 4.34638 3.81363 0.86266 0.52782 0.20239 0.97690 4.33254 2.65432 0.93604 4.57068 0.39456 1.22960 3.95691 1.39375 0.14180 1.93340 3.38965 4.82000 1.71235 0.14204 4.33441 3.93034 2.84661 4.69641 1.01180 4.89035 4.27845 3.25513 4.90098 1.99233 0.99365 2.31519 3.59870 0.89117 3.24574 0.66598 0.75967 1.76525 0.67524 2.27302 1.32964 1.17292 4.86243 4.31022 4.57049 4.70191 3.72846 3.04150 2.58785 1.52805 3.84593 4.34562 0.20683 3.31526 1.53165 3.05648 3.86691 4.56228 3.56279 4.71177 4.50526 1.29501 3.11861 2.34678 1.21648 3.63204 3.62609 2.30095 1.37980 2.13504 4.24568 0.60851 1.26041 4.36573 2.82716 1.99231 2.16593 3.78410 3.99334 2.16341 1.68053 2.06480 3.15573 1.52553 1.43603 0.31347 2.46150 1.29134 1.20109 1.21532 3.03051 0.81971 3.68475 0.23317 2.12617 0.88504 2.53168 3.93156 4.76171 4.87953 3.22174 4.88219 1.46577 3.23968 3.43039 2.39986 2.69780 2.87310 2.32838 4.26826 2.53597 4.05991 1.03464 1.29492 4.47043 3.31446 1.23667 1.83935 4.27512 4.44435 2.87337 4.69970 3.24487 1.53857 2.77024 3.93166 0.45558 0.68994 4.52239 3.27616 3.90764 0.81803 4.55106 4.05780 0.36183 3.24831 3.69370 1.30633 0.67868 2.53765 2.52029 1.77410 1.47188 4.06142 3.65979 4.75103 2.72218 3.81722 1.14746 0.59746 1.64677 
0.04770 4.68753 1.96881 2.40731 4.08244 4.90624 0.81880 3.05147 0.25665 4.30821 1.94342 0.80589 0.30589 0.65870 2.94870 2.85212 3.10959 4.32968 3.59116 2.28297 1.77556 0.09717 3.35017 3.02805 4.41013 1.19140 1.63828 1.30596 2.62957 1.27847 2.89049 1.55823 4.87760 0.36784 0.23388 4.95666 0.67284 1.70016 1.18594 1.99011 3.73453 0.92493 4.84611 2.00994 4.12138 2.93605 2.95310 2.43369 0.45963 3.56716 4.41242 3.65800 4.57853 4.17515 4.47622 2.77434 2.47972 1.37758 4.84912 1.40527 2.36926 0.72965 4.15162 4.45077 3.32230 1.50524 0.59606 0.15066 0.14143 1.51119 4.50389 0.60220 2.73622 0.74718 0.64591 0.02522 3.28456 4.90911 2.93629 2.51865 3.94446 4.10945 2.01684 2.51161 1.63954 0.59523 2.87782 0.36459 2.63201 1.72581 2.16695 4.73586 1.17694 0.52685 0.91955 2.08839 2.49142 0.96289 2.42037 0.59249 1.80645 0.82290 3.99504 4.27872 3.14935 2.14696 2.07747 3.54080 3.24739 2.24775 3.65258 2.48388 3.08007 3.11024 2.51535 3.49305 4.93716 0.75303 1.99183 1.17134 2.67504 4.67361 2.24973 4.20474 3.28438 0.90000 0.89246 0.07185 0.98244 1.25784 2.62590 2.97238 0.18338 4.01293 2.74999 4.12645 3.75679 3.04660 4.53371 1.24631 0.59834 4.59913 2.05164 3.63437 0.36554 3.51279 4.30039 2.97367 4.19852 2.91153 2.77477 4.48592 2.78845 3.66296 1.70517 2.10128 1.47968 3.52705 1.77097 0.55713 1.41505 2.05539 4.88082 1.68845 3.54252 4.46740 3.01086 1.44117 4.59650 2.50358 0.71982 4.50665 1.71543 3.69821 1.80773 3.69669 1.94045 4.38947 0.28666 3.83586 3.50659 4.80858 1.91280 2.70434 0.15080 3.67997 1.65274 3.40666 4.94974 1.29493 1.68007 0.04001 4.80938 1.06532 2.51692 2.08293 1.26819 4.15143 3.33631 2.99707 
2.21315 0.71346 3.54265 4.49628 4.04268 4.68033 4.54679 1.06162 0.41498 4.08061 1.03449 0.30589 1.87196 2.11937 1.95169 1.93124 2.92328 0.40396 1.75925 3.51964 3.80881 3.01951 4.62454 2.78157 2.53624 0.81530 1.06685 3.34530 2.25816 4.15795 1.88342 2.24791 4.87680 3.23617 3.75114 0.59767 1.78063 2.92628 2.16687 2.44796 2.09679 3.98035 3.05183 0.41830 2.80400 1.06156 3.30188 3.33777 4.65401 3.16152 4.75833 3.48189 1.12943 1.20506 1.38619 2.66036 4.91930 1.14520 4.65298 1.40021 1.43412 1.74357 0.11701 3.99641 0.28879 2.14138 2.36422 2.08733 3.05004 3.57849 0.62415 2.30084 0.73373 2.49176 1.48508 1.13245 2.92407 2.19927 0.09336 0.61054 2.11209 0.38999 4.43066 2.10655 3.07254 3.32561 2.72419 2.31694 1.23847 0.61409 3.65777 4.51517 3.03131 0.42650 3.85714 0.51101 1.66357 2.34749 3.55034 2.80190 1.77234 2.62475 2.42554 4.42890 0.34938 0.31832 4.48643 3.40611 3.30884 1.85184 3.24081 2.95326 4.94305 4.29607 2.34546 4.38296 0.74301 3.63055 4.00302 1.45829 4.15013 4.45079 2.98899 3.50509 4.82418 1.53217 2.34398 1.02560 4.78717 0.20177 2.05407 1.08271 0.17959 1.17974 0.65635 3.20385 3.45380 2.96131 0.73467 2.96247 0.25631 0.65078 0.93964 4.03648 3.40613 3.61348 3.09551 2.29533 0.66984 0.27013 3.40300 3.04025 3.13614 3.65862 4.86136 0.69979 0.09332 1.07792 1.10453 1.18125 2.36587 4.70163 2.55621 0.38925 3.04138 2.70750 3.47831 1.66566 3.65046 4.36509 0.32786 3.68093 4.90325 3.01503 4.20262 3.53941 3.55081 2.76815 4.78750 0.05852 1.36208 3.56463 3.49704 0.67373 1.38443 2.42766 0.71747 3.62208 1.90107 1.99238 1.60059 2.70290 0.89217 0.81019 2.55661 0.32589 0.44153 4.34735 3.88002 4.87602 
3.83284 1.15129 3.06017 3.20706 3.49468 0.73187 1.45174 0.14916 4.29268 3.70751 1.79401 0.65870 2.11937 0.76883 3.79214 3.15931 4.87872 0.28405 2.73951 3.74420 0.58643 3.89727 4.96919 2.44242 1.56081 0.43122 1.01184 2.29997 3.55036 2.29856 0.09775 4.18384 1.49798 1.05863 3.69813 3.47444 1.22052 0.26470 2.94767 4.41722 1.12571 2.37106 1.22795 0.15023 2.04123 1.87588 3.49908 4.57880 2.67462 3.33103 2.19690 0.71247 1.57800 1.12075 1.72562 1.80611 2.51373 4.77990 1.53284 1.29054 1.38770 3.13621 0.17238 2.56223 2.09889 0.28454 1.55769 1.89208 4.73486 3.66206 1.15851 4.06517 4.09132 2.63771 1.26973 4.57355 4.90478 0.66651 4.71334 0.83882 2.93464 4.31607 2.65278 3.76878 4.91616 2.23982 1.28897 1.07004 4.80887 1.35710 1.45602 2.90608 1.89405 3.27652 3.88325 4.35598 1.41582 2.05453 3.68269 2.48422 0.22774 0.17051 2.45429 3.85616 0.49272 4.59178 2.97556 2.84904 4.90926 2.73286 4.41069 1.82613 3.29978 1.23377 3.19394 0.01503 0.12460 0.80852 3.52153 3.00218 0.58180 0.97969 4.73940 0.00983 3.25268 4.61635 0.80569 0.33157 3.66562 2.64283 2.60646 1.38485 0.91676 2.66559 4.83248 2.09788 1.42219 1.16838 3.70969 1.73129 1.62801 4.21251 0.39348 3.57833 1.79578 1.62589 0.77009 2.26857 3.86316 4.61246 3.69046 4.98803 3.48291 2.72039 4.93122 4.83089 4.12567 1.59550 4.02479 0.61537 4.12931 4.85488 4.31976 2.86755 1.65470 3.44767 1.47089 1.73363 1.10617 1.74613 0.96505 2.39425 4.96613 1.31565 2.16973 3.08567 4.52495 4.34723 3.84879 0.18484 0.33694 2.36880 2.68773 4.48184 4.65540 1.36216 1.36888 4.87685 3.67724 3.35073 2.35237 0.32545 2.32238 1.95141 2.16993 2.07933 4.97336 0.13134 2.59793 0.68613 
1.62816 3.21241 4.01819 2.26915 4.85218 3.64610 3.63843 2.24788 4.25321 0.93187 2.71553 2.94870 1.95169 3.79214 1.17429 3.32222 4.11869 2.01769 3.63112 3.23108 0.13294 2.87801 4.93996 3.77302 2.18364 2.72756 3.59994 1.93014 1.17568 2.36797 0.92023 0.41898 2.11602 3.31909 4.11664 0.49881 2.09473 1.23864 2.99711 0.26397 3.12316 0.37230 0.27190 4.28883 2.53871 1.36145 3.38529 3.50390 4.17566 1.09627 2.37302 0.91118 0.54275 2.89689 2.19976 3.94754 0.19582 4.48668 4.25318 2.49228 0.15855 1.73239 2.66812 3.22303 1.13804 1.35072 3.26055 4.04838 0.87112 1.99271 2.47702 3.00181 3.89023 0.73282 3.64980 0.34717 4.43683 1.81309 3.31004 2.81637 4.00106 3.97136 0.49408 4.23576 3.80630 2.15281 1.10745 0.17430 1.46883 3.34389 3.03741 3.30598 0.47966 4.54439 3.95855 4.57831 2.21577 0.01717 4.61505 3.94077 0.98307 4.32368 2.82320 2.75026 4.41534 0.80841 0.88429 2.23941 0.15202 1.06624 2.47161 3.82709 1.54042 0.08544 4.12798 0.05477 3.56045 2.66763 1.13020 0.54754 1.85660 1.98587 3.82027 1.39251 3.74440 3.74834 2.32589 0.48061 2.09753 4.01942 2.47703 4.71969 4.83444 2.83833 1.33282 0.16039 1.22839 1.03233 1.05236 0.30962 2.83349 1.10216 1.44235 4.58648 3.52834 3.45920 4.78854 3.61002 4.05473 3.20216 2.00121 4.92515 3.70477 0.76516 3.47811 0.76321 2.16908 3.26574 0.79241 3.40391 0.38937 4.98996 4.55524 0.82987 4.90231 0.82186 2.86957 1.33020 3.16040 0.34570 3.29721 0.97193 4.66918 3.00279 1.39794 3.88502 2.18542 2.89124 1.68800 0.83571 3.33508 0.26886 3.40373 3.84306 3.68540 4.40868 1.17222 0.64287 4.85541 3.40733 4.58846 0.65327 3.68369 1.74132 4.61082 4.04454 0.75855 4.58066 2.52618 1.37713 
2.96996 1.99283 1.02410 1.43994 1.88842 1.53833 1.93148 2.42225 1.94694 3.97372 3.06773 2.85212 1.93124 3.15931 3.32222 1.92234 2.01745 4.23933 1.62333 2.31064 4.75543 1.62862 0.82676 2.40348 0.38050 0.32485 4.03793 4.72839 3.92973 1.23704 4.87089 1.74480 0.07388 4.51964 0.19708 2.99092 4.19537 0.07960 3.28393 1.42603 4.98729 2.61734 0.52192 0.64231 3.82029 1.11896 1.70201 0.04711 2.06174 3.53208 3.31049 2.47382 3.21762 0.50728 1.21929 1.91903 0.27130 4.84111 3.45302 4.12780 0.87936 2.96454 3.90920 3.66474 4.25263 0.15850 2.26345 1.47505 4.09612 3.40081 3.08705 1.02027 4.03683 4.94044 4.99047 0.08319 0.55860 1.01434 3.44441 3.69492 2.75320 0.06178 3.65043 0.21558 2.74219 2.41470 3.28001 1.97508 1.62103 1.64920 2.18484 0.57879 2.31312 4.54382 3.92798 4.73696 1.02271 1.20788 3.58675 4.47108 1.66246 1.29768 0.14166 4.67199 2.96055 2.03688 4.56322 0.07522 4.07399 4.78751 4.62944 2.82189 3.73971 1.29234 2.50514 2.38597 2.96241 3.12177 0.15890 0.97117 1.29054 1.82838 2.02103 2.66605 4.08050 1.43874 3.64664 2.05086 4.14690 4.12226 4.05797 2.38380 2.58661 1.67465 3.43316 0.47020 3.72997 1.17330 4.68084 2.30161 4.38886 4.21303 3.50584 1.21191 3.25288 3.25442 2.91002 3.75633 3.23739 1.12876 1.77764 3.60171 0.25714 4.79061 2.62803 3.20115 1.62361 1.21365 3.65536 2.89456 0.51987 2.44037 2.45723 2.76301 4.66309 1.35033 2.03812 0.20732 3.82930 1.66432 4.68374 3.91032 1.78817 2.08749 0.57561 3.87185 1.91622 3.67917 4.75634 3.32316 1.25750 2.46163 3.48520 2.98260 0.65028 0.71606 1.62512 4.71096 2.20090 0.20951 2.47790 1.76922 2.46261 4.92873 1.20070 2.63274 3.16175 3.51979 4.37554 1.43739 
1.61507 1.42801 3.49394 0.85565 1.89555 4.90370 3.22003 0.00185 3.29816 0.31297 4.91133 3.10959 2.92328 4.87872 4.11869 2.01745 0.84000 0.13031 0.51301 4.34036 4.87320 4.38420 1.81498 4.28999 1.65090 0.77640 3.72750 3.28774 3.31011 1.42533 4.02974 3.26612 1.00987 4.25805 3.03734 3.22686 1.89589 1.80211 0.07572 3.51663 1.36452 0.61961 2.59130 4.74632 4.11110 2.42388 3.02454 1.27266 1.49788 3.27463 2.04028 1.69892 4.65043 0.23994 0.58676 4.05777 2.17921 0.15739 2.98931 3.21159 3.70534 4.81415 0.34701 0.24414 2.26730 2.01762 1.62731 2.87473 4.91123 3.74234 1.29364 0.06007 0.17323 3.24353 4.07339 0.26720 2.99157 2.72564 2.60837 4.41840 2.72299 0.68043 2.52649 1.18924 2.15562 2.27371 0.74419 2.35479 2.62567 2.40213 0.13404 1.84765 0.86206 2.07916 1.66510 2.43953 1.94906 1.28752 0.60591 3.76577 2.64777 2.07841 1.74678 3.25846 2.23202 2.55637 4.99138 0.37549 1.33916 1.09368 3.24494 2.94599 2.12200 0.12691 2.70960 3.08926 2.11299 4.73746 3.42607 2.79713 0.71577 3.77122 1.87850 4.14726 2.55400 3.95257 0.42561 0.18595 4.10301 2.56582 0.22198 0.68800 0.06888 4.16020 3.64898 1.37386 3.96491 0.06094 2.35215 4.30040 3.75910 2.49264 2.06364 0.30429 0.46344 2.92523 2.02112 2.78112 0.12962 1.99901 0.04341 0.14890 2.07241 2.56213 4.01597 0.94298 2.81604 2.02923 2.52124 0.19585 2.44741 3.33906 4.73079 0.09865 1.84990 3.22558 4.08259 1.65210 3.90939 1.62306 3.09149 1.27839 2.84972 3.68062 0.28866 2.06936 3.62537 1.77387 4.43164 0.33135 0.92492 4.85680 3.95742 4.39711 2.10998 3.61015 4.12199 3.80707 3.01062 1.80507 4.34979 3.11677 4.24248 0.63480 0.24152 2.91724 0.81272 2.06875 3.20972 1.51685 
1.33892 3.57674 0.24403 2.41688 3.87250 3.44317 4.85468 4.91742 0.42260 0.48920 3.43995 4.32968 0.40396 0.28405 2.01769 4.23933 0.13031 0.59683 4.48227 0.34437 3.93709 4.53643 1.41371 3.38867 0.93232 1.51589 3.63350 1.42521 2.12189 0.09539 2.18686 3.34892 4.68983 3.02605 3.43378 4.51420 2.58589 4.55439 1.67265 4.18450 1.57596 2.38466 4.84389 0.94360 0.61951 1.14554 3.29070 4.92481 0.87686 1.78056 1.15697 1.21915 0.60502 1.31595 2.85751 1.79290 3.42567 1.46624 0.12148 4.60263 2.03189 1.91437 0.42164 2.77918 0.63759 3.39079 3.52471 2.96589 3.10998 0.80490 0.37369 0.36091 1.21320 3.22358 2.31211 1.21197 2.13212 3.90780 3.63155 2.44870 3.04655 2.51155 2.74416 3.57567 4.04714 0.91060 0.70569 4.67365 0.88772 3.59651 2.92577 0.41371 4.67029 0.66708 3.36100 0.94213 3.47808 2.83402 4.28224 3.67365 2.57993 0.60754 0.40865 3.78001 2.20198 2.60160 4.20144 1.09123 4.02805 2.32024 4.88508 1.36403 1.77982 4.56180 4.11366 4.30728 4.12608 2.83278 0.50557 4.29523 2.16543 0.65409 1.73850 4.51831 3.15914 3.02078 4.81521 2.10802 4.60416 4.32987 2.09234 0.97877 0.12813 1.00257 4.90331 2.22790 3.75892 2.61608 4.12081 2.65871 1.52291 4.34011 3.89520 2.59206 1.91724 4.69537 3.49691 1.62677 1.88923 0.35962 2.69076 3.42920 0.55545 4.82470 2.20893 3.27641 3.96781 3.93001 1.57987 3.75842 3.95510 1.57917 2.05118 3.34264 0.05615 1.59239 0.43246 4.01177 4.14150 1.60424 2.02642 4.76647 2.77196 0.02158 4.13445 2.81099 1.14636 4.28704 3.97026 3.85615 2.58161 0.41781 1.82084 3.33617 2.48351 4.01615 1.41606 4.86702 1.29782 3.57712 4.24306 2.91270 0.77113 3.98944 3.83318 0.07604 0.24801 3.06887 3.30054 3.41234 
2.64573 3.48399 2.72357 2.16556 2.88882 2.13809 1.94712 0.03275 1.46247 1.42202 2.29242 3.59116 1.75925 2.73951 3.63112 1.62333 0.51301 4.48227 3.63401 4.85075 1.89155 3.66213 3.96788 1.16126 1.36459 4.81552 0.37550 2.78868 4.33280 2.22043 0.08445 3.87847 0.52796 4.81387 0.42199 0.11468 3.36074 2.53604 3.51859 2.84785 3.32429 3.64586 4.21131 1.75256 3.20365 3.32231 3.25921 2.40089 1.77933 0.45268 3.02187 3.51788 0.64593 1.98870 2.73939 0.72891 0.87916 0.31795 0.22064 2.54321 1.87875 0.14523 0.27964 3.76235 0.67065 4.81172 2.54589 1.71404 1.97724 2.47295 4.15394 4.84212 3.24570 3.29783 1.33456 3.52013 1.67589 2.79443 2.58152 2.18203 1.80272 2.48346 0.05415 4.29844 0.88462 3.66326 2.35062 4.58326 3.82808 2.69067 1.10570 2.44630 4.56437 1.55835 0.83992 3.85501 4.19454 1.11173 1.62702 3.81713 4.16447 3.81649 4.91929 4.91993 1.63514 4.87407 4.94413 4.17637 1.81289 0.76604 1.58356 1.63843 3.61843 0.08459 1.39442 2.29122 4.84647 2.13455 4.20126 2.97306 0.12436 2.14994 4.47610 2.95562 0.06936 0.69519 4.94482 0.23234 1.20009 2.57588 0.66644 2.01038 0.33661 3.28923 3.30975 1.78249 1.46133 3.13769 3.79522 0.20884 0.67349 4.81633 2.62718 1.79674 1.89684 4.78322 2.55989 4.59923 2.16202 4.51947 1.12749 4.32321 0.43269 0.88127 2.62552 4.94785 4.25283 0.90811 1.42245 3.19602 2.71747 2.45986 2.76527 3.61075 4.99341 1.96096 2.23894 2.08842 3.50108 1.89292 2.66597 0.17668 3.90314 0.82886 3.85956 2.31235 1.79680 1.08830 3.34876 2.15046 3.87105 4.11852 4.00370 3.80608 4.74023 0.60603 4.63602 4.92327 1.50382 4.97972 3.81703 2.11937 0.68838 2.29321 2.73366 3.28537 4.80985 1.64114 4.22858 1.10516 
4.29633 3.82305 4.30298 1.80233 0.36875 2.92632 0.04890 4.86646 2.07519 3.32446 3.71681 2.28297 3.51964 3.74420 3.23108 2.31064 4.34036 0.34437 4.85075 1.63851 4.96000 4.79165 2.77659 2.96915 3.74427 1.18120 2.45763 3.48849 0.34132 1.25593 2.24146 0.20954 3.81010 4.14497 4.19803 0.00929 0.08956 0.93142 4.05808 4.48628 4.44003 0.88219 0.70314 2.65488 3.82591 2.93820 0.64388 1.74549 3.40010 2.64888 1.89553 3.49626 3.34143 4.16222 0.00640 3.04048 3.56688 2.88959 3.77044 2.63331 3.88366 0.37698 4.30340 4.66625 2.82372 4.01038 1.52096 4.41214 0.09067 3.94396 3.60426 0.77870 0.38753 1.00006 0.14163 3.65537 1.54135 0.88744 2.30339 3.67326 0.71926 2.50973 0.53946 3.89886 1.07971 0.18311 2.92636 4.01205 4.12527 4.49867 1.86274 4.32079 3.04023 3.30037 1.39091 1.80881 4.39216 3.70704 2.96920 0.64779 3.25250 2.39422 4.13724 3.90810 3.31416 3.02619 2.69885 2.82747 3.23566 1.05581 0.92611 0.02782 4.77019 3.30262 4.89081 3.66797 2.30645 2.19929 2.51806 2.17363 2.08667 1.23418 4.88937 2.96258 3.41956 3.48798 4.89354 1.37931 1.78248 0.79495 4.62136 0.84086 1.43491 1.68433 1.15109 1.27875 4.43421 1.06017 3.19490 2.21800 1.16356 3.44581 3.72963 4.97339 4.32262 1.39338 4.36941 1.24979 1.98282 1.38265 3.14096 0.02316 3.72532 0.70464 1.17701 0.64337 1.03028 0.64394 4.96985 1.15943 0.20598 0.89258 1.43748 0.52239 2.98809 2.90452 4.50144 1.49524 1.01712 0.64211 0.90247 0.29999 1.25051 1.38839 2.96986 0.59124 2.78132 4.46570 3.28829 4.67437 2.83152 2.48262 1.08669 1.72477 1.94471 3.24821 3.51321 1.42896 2.71399 1.57167 4.20420 1.10515 2.10703 1.58335 2.04131 4.19278 2.46776 2.95285 4.19603 3.58020 
1.60879 0.78181 4.86505 1.41308 4.49864 2.55778 1.23651 0.06541 1.03866 0.97316 0.71545 1.77556 3.80881 0.58643 0.13294 4.75543 4.87320 3.93709 1.89155 4.96000 3.22416 3.87481 4.35352 2.69670 2.87130 1.08173 0.89665 2.58656 4.85190 0.51543 0.21592 1.34712 0.96010 2.94009 0.73087 1.71110 1.05374 2.45529 2.59574 4.13127 3.39463 4.01930 1.98615 1.25095 3.33085 2.12274 0.78765 4.96669 0.29165 3.26829 0.03295 0.58653 4.94906 0.97182 1.55610 2.61267 1.69507 0.36823 1.68201 1.01496 0.33553 3.89561 0.87379 3.17217 2.67565 1.86464 0.78268 3.93038 1.79678 3.36694 2.14188 1.03044 2.64408 1.01326 2.11258 0.88350 2.67015 1.44629 4.61498 0.80004 4.83745 4.67708 2.58648 0.10410 1.16250 0.73119 3.12137 3.47185 3.09671 4.24980 2.82104 3.52847 2.55255 0.91240 2.06899 4.50787 4.99096 1.37500 3.13207 4.23791 4.13762 0.84904 3.15809 0.05392 3.06436 3.18027 1.11239 1.48501 2.29072 1.97833 2.18319 4.79895 4.48212 0.85232 3.04062 4.16105 4.26056 2.43503 0.80065 1.26267 3.63466 4.64144 3.50547 3.64106 3.89499 2.47164 4.16208 0.45432 2.32207 2.80282 1.79460 3.43206 0.29738 0.64223 4.86963 2.91263 2.98611 1.55750 4.79391 0.94593 1.53588 1.74152 2.79640 2.11079 2.08269 2.88693 4.37030 1.01961 1.91701 1.67491 3.93284 4.09024 3.09517 1.86308 2.46994 1.51373 1.00799 1.27633 4.56998 2.97288 1.87719 0.25975 4.45395 3.43492 0.54623 0.58769 4.81052 1.69409 0.98350 3.39109 0.51496 1.54738 1.60986 2.26718 2.61106 0.89725 4.39834 2.47976 1.37019 1.36640 3.93956 2.60293 1.30176 1.43552 4.60289 0.36969 2.81080 4.75909 2.10014 1.07478 4.80415 2.33774 0.23707 4.06769 4.10208 4.11732 4.24914 4.52863 0.57352 1.41268 
0.13127 0.94738 2.29101 2.41657 4.60444 0.08551 4.01236 4.86716 0.58080 3.94310 0.67682 0.09717 3.01951 3.89727 2.87801 1.62862 4.38420 4.53643 3.66213 4.79165 3.87481 4.70560 3.42294 2.67553 4.21294 3.64011 4.80632 0.62913 4.88937 3.95401 1.23515 2.03120 1.39734 0.62999 4.10866 0.90382 0.62151 0.29788 1.21977 1.27772 1.76548 3.88274 0.45964 3.54381 1.41954 3.62675 1.55250 3.27709 3.26855 3.66543 1.38758 0.72032 1.01680 1.52406 3.16571 3.93316 1.53006 2.61848 2.34158 1.97642 0.02472 0.84534 3.57560 2.76465 0.29702 0.14822 2.42182 0.12579 2.98657 0.07913 3.78194 4.53781 0.04065 0.63790 3.71761 3.24442 0.30097 4.37875 2.70081 3.39865 2.21044 3.00227 1.91950 2.35190 0.35322 3.49731 0.66620 4.64097 2.04101 4.72132 4.89981 0.96608 2.66648 1.98502 0.76786 4.97405 4.61267 2.38023 2.64076 3.83267 2.26460 0.91433 4.18003 4.91254 2.07492 2.91563 1.23003 2.78120 3.72446 1.08759 3.18022 1.70118 4.55612 0.22209 0.64066 2.83902 0.58829 4.15107 3.25698 3.00831 3.30329 0.50846 0.66558 1.44731 1.90469 0.29061 3.56221 0.47459 2.02256 1.80992 1.68673 2.86583 2.67243 4.21615 2.97624 3.08717 1.22393 3.35978 1.92417 3.62794 3.87188 4.95583 2.22277 3.26460 0.61324 4.10391 0.43321 3.21289 0.58633 4.57530 0.79623 3.48410 1.21969 1.50118 0.39535 1.93915 3.43939 1.31369 0.94506 3.26025 1.99907 1.89489 0.18387 0.45119 4.20415 3.78490 4.59273 0.29296 0.11088 2.16292 0.27535 2.07087 0.97622 4.83140 2.87167 0.64281 4.93169 4.05851 2.32568 0.71593 1.74496 1.33760 1.89598 0.86283 3.13770 2.63896 2.63246 3.04944 2.54592 4.81045 2.50483 0.11856 0.86615 3.44610 0.76509 4.01764 2.63244 1.81756 0.97143 2.46197 
0.10246 0.62775 4.16218 2.40096 0.77056 2.60233 2.62079 3.20973 0.67708 1.81521 4.36921 3.35017 4.62454 4.96919 4.93996 0.82676 1.81498 1.41371 3.96788 2.77659 4.35352 3.42294 4.04832 4.65009 0.35984 4.95769 4.26540 3.43643 2.09127 3.58980 4.49596 0.19759 2.94918 3.01283 3.78748 3.71294 0.63853 2.61318 2.21866 3.11527 2.22294 4.67900 3.62215 3.75367 1.91110 2.59307 3.75142 4.51143 0.30359 4.92559 1.71702 0.48333 1.97216 3.85454 1.97944 3.49148 4.45849 1.48182 0.73800 2.28742 3.24043 1.38338 0.06187 1.15680 2.16932 1.56157 4.01232 2.72985 1.28123 1.92936 0.57630 3.09212 4.63204 0.51087 3.81779 3.28617 4.00707 2.79341 0.93273 4.26320 3.57032 3.60565 0.12007 1.56542 0.00898 2.65939 2.43894 3.04406 3.71123 3.50172 4.27115 2.80687 3.40904 0.24661 3.13803 2.17264 3.39408 1.64479 2.49946 4.53299 3.44947 4.00501 3.68483 3.79369 3.56160 2.28479 3.24576 2.11556 3.01524 0.55303 1.07932 3.38951 0.81708 2.60750 0.52869 1.66936 1.42486 1.06645 2.03342 3.32198 3.32225 1.89548 2.56031 1.12624 3.11791 3.36689 1.11164 0.91334 4.05728 1.56117 0.77394 0.56214 0.31799 3.02986 3.55662 3.47870 4.36812 1.35676 4.27549 3.85047 4.35644 4.43464 3.88741 3.48958 1.78550 0.05891 3.48440 0.49771 2.10467 2.31224 3.94125 1.09605 4.81606 1.45044 4.39120 4.08044 0.88190 1.01267 3.01894 3.56359 3.77795 3.47704 1.42634 2.04761 2.28048 2.40898 3.18935 1.79178 0.78172 0.04385 2.40838 0.77819 2.58210 4.08323 4.61043 2.97292 3.64173 1.03490 3.41969 4.69116 4.82632 2.19805 3.93203 0.62199 2.84424 1.78803 4.74368 3.89357 0.13635 3.24785 3.46016 3.66318 2.69544 3.43814 1.19036 1.32198 3.60745 0.70471 4.78273 4.99375 
2.04903 0.27539 2.65527 0.26229 2.21599 0.87466 1.74950 2.63344 0.99198 3.05774 1.92391 3.02805 2.78157 2.44242 3.77302 2.40348 4.28999 3.38867 1.16126 2.96915 2.69670 2.67553 4.65009 2.42580 0.25407 1.23520 2.58365 2.91982 1.42679 2.98372 1.96245 0.33697 4.33709 4.40155 4.73597 0.85038 2.58061 1.40558 1.49768 4.04305 1.82381 0.22772 4.05621 1.02676 2.74380 2.15900 1.19959 2.48032 3.04151 4.97739 2.44840 4.59236 0.80122 4.22473 4.57074 0.63749 1.90147 3.97554 2.50992 3.93222 3.22470 4.04377 3.70149 0.89374 2.18316 3.08209 2.43794 3.24776 4.33553 2.95039 1.14922 0.44176 0.26254 2.35136 3.89402 4.56182 0.18909 1.66662 4.45443 2.52101 0.26756 3.36809 3.66509 1.68606 4.79180 4.34734 1.72229 0.08893 3.60633 4.09932 3.45996 3.78904 2.46373 3.34200 4.96473 4.11797 0.30647 1.35615 1.46272 4.46586 2.29341 0.92172 4.44601 4.92181 4.62857 1.12070 4.32780 1.62962 4.79681 0.71020 2.10383 3.78633 1.97228 1.06106 4.14645 3.11952 2.08868 4.45189 0.22830 3.70926 3.18059 2.53030 1.53995 2.65255 1.10175 4.05305 2.97299 2.23682 0.96593 1.22593 3.44248 0.63289 4.64848 4.53911 2.94463 1.22668 1.33125 1.47199 2.32493 4.37724 2.40963 0.68602 3.07270 2.86364 0.53963 3.77850 2.58044 2.51477 3.25564 3.60386 0.19494 3.40746 0.39833 3.93163 4.54386 3.67629 1.65905 3.47767 1.31201 0.96231 1.36587 4.37273 2.14909 0.10048 4.34004 1.00351 1.26171 1.02267 4.26552 0.03564 1.54220 2.45357 3.70240 2.79704 1.64294 3.67291 2.19405 1.12892 0.06240 2.98423 2.06321 0.19725 0.17942 4.09591 4.55153 4.57346 2.87956 0.11695 0.15734 1.44000 2.35505 3.48076 4.98620 3.93564 3.23364 3.72465 4.90648 4.13388 3.07562 0.51031 
