4.88482 2.23922 3.96952 1.77764 2.97808 3.49082 1.68861 3.93578 3.98740 2.35632 0.60252 0.32312 1.28475 0.08049 4.23813 0.77407 2.83915 3.64960 1.52585 1.56084 4.58222 0.23895 4.70084 3.55727 3.39557 2.62683 3.84145 4.11342 1.95968 0.14831 0.23640 2.95617 3.36801 3.76446 3.31315 3.82642 4.73803 0.21810 2.19353 1.99104 3.80478 2.24312 0.24284 2.57196 1.30913 2.67772 4.93215 3.35616 4.68390 4.71646 1.39680 0.38872 0.27640 0.61399 2.71427 2.90486 3.94679 2.94588 1.87914 0.68014 3.06087 2.13678 1.97171 4.52725 0.50453 3.81114 4.11649 1.75224 2.62987 4.61066 0.54055 0.91532 3.88242 4.28927 2.66541 4.18829 0.03017 4.05158 0.51613 4.12920 2.33324 1.48390 3.38345 2.42961 4.96269 3.85494 2.22669 4.45351 2.44632 0.68243 3.61503 0.46004 0.72326 4.99526 3.45019 0.76410 1.50659 3.72013 1.43475 0.67645 
2.23922 2.45173 1.71714 0.40563 0.51333 4.11708 0.63850 1.66393 1.86810 0.78116 2.52374 0.23896 2.48583 1.88795 4.73936 4.32992 1.72500 0.65986 0.96124 3.69337 0.67697 4.31659 4.65658 2.47333 1.44874 2.33033 4.29617 1.40449 3.00268 0.33609 1.99420 0.72487 4.84861 3.19301 0.68782 2.79364 4.06203 3.39256 4.41276 3.87120 1.77190 0.55654 1.86864 2.84538 1.84269 3.32764 1.78473 0.70851 0.83920 1.08239 3.66310 4.15053 4.08498 0.78810 2.18567 2.84271 4.23391 3.06830 0.89931 4.47185 1.00123 4.36234 0.03927 0.73693 2.72960 2.58330 1.39717 3.74662 2.18524 2.15238 0.69262 0.22958 2.22997 3.86641 0.75326 3.87893 1.84031 3.02988 4.06224 1.95061 3.84285 3.33191 0.58502 4.89438 2.90464 3.39600 4.76189 3.54877 2.91335 4.98579 2.74529 2.03043 2.25928 2.86749 2.29993 0.40948 3.50057 3.05137 0.77328 0.11845 
3.96952 1.71714 0.96664 1.94532 2.51713 4.59041 3.49834 0.12627 2.50907 4.17643 0.40624 1.38686 0.42488 4.03139 1.97226 1.24880 4.36627 3.47646 2.24994 1.69937 4.99947 4.70535 4.31396 0.83855 3.23084 0.47685 2.44994 1.89958 3.28972 2.26870 2.49771 0.59433 1.33441 0.91600 1.80095 4.44346 4.40330 1.94230 2.06560 2.08180 2.73591 2.05376 3.18148 3.01982 3.55132 0.80851 4.46452 2.92392 2.23843 2.51549 3.27967 1.72318 2.35138 0.44482 3.01138 0.21937 3.66631 4.44523 4.46546 2.97325 4.01581 4.83151 3.07269 4.05698 4.43256 1.70656 0.48349 2.43295 0.88508 3.76833 2.01049 2.76887 2.23790 1.68311 2.81015 2.09108 2.00546 0.61461 2.06841 4.87055 2.56001 2.82554 2.84353 2.62281 0.09558 0.02720 4.65044 0.47317 2.31508 0.46767 3.57606 3.11811 0.29820 1.51259 2.37900 2.32125 0.70406 4.59181 3.03790 0.27743 
1.77764 0.40563 1.94532 2.57180 3.03219 0.91022 3.50868 2.79151 0.16159 0.59254 0.21372 0.44035 0.60384 0.73107 0.35642 4.80800 3.36063 1.11658 4.07133 1.09076 4.82827 0.06646 4.89723 2.51509 0.57601 1.20205 3.77475 0.48359 3.53534 3.58396 1.90591 0.22718 1.24808 0.78228 1.35407 2.22628 1.29317 2.79962 0.43809 3.24546 0.77130 3.00131 4.45898 0.44680 1.35219 2.96043 4.39594 0.52655 0.47579 4.72196 1.86940 4.80167 3.70653 2.70722 0.72652 2.38231 3.34514 4.79927 1.03846 0.05360 4.34662 2.00663 2.47631 4.88681 1.53313 2.13349 4.96231 3.36234 0.45012 0.68110 2.07506 3.45282 4.93074 0.56107 2.96122 4.54641 4.21180 4.36349 2.90257 2.73263 4.00446 2.84188 4.27778 3.09394 4.24905 1.85583 4.40430 3.59637 4.87761 1.35776 4.75055 0.62766 3.03556 2.68140 2.76435 0.44610 0.15920 3.64982 0.20524 3.86193 
2.97808 0.51333 2.51713 3.03219 1.61425 1.08527 0.41924 3.53507 0.33772 1.59120 0.62061 0.82919 3.91913 2.86033 3.50137 1.27873 2.65229 3.81686 1.57257 2.29841 2.39631 4.15425 1.63780 1.76806 2.22969 2.01370 3.93734 0.86033 4.25615 1.84739 4.39858 0.82525 3.93264 2.81187 4.34362 2.11174 3.61090 3.18248 3.08782 0.97818 2.80355 3.31196 2.40348 0.73570 3.95702 3.07387 0.50165 1.67258 1.20744 4.73332 1.32306 4.04508 2.94586 0.92771 4.73904 0.88901 1.77885 0.27473 1.09681 1.73328 2.15380 4.86370 1.14448 2.08717 2.05974 0.04179 3.12259 3.15935 3.61017 4.94508 3.98636 3.06078 4.27875 2.81391 1.74024 2.48373 2.17076 3.39553 1.52986 4.85394 2.06715 1.49942 1.89226 2.36650 3.43491 3.80986 4.75086 4.36330 0.03263 1.35841 2.83292 3.74163 0.79581 3.05031 1.05489 3.63032 2.01917 2.46070 0.57100 2.38893 
3.49082 4.11708 4.59041 0.91022 1.08527 2.38645 3.86044 0.01495 2.11426 4.57011 0.39051 1.52108 2.63945 4.13792 3.22650 3.32252 0.42837 3.58087 1.90916 1.66005 4.57072 3.90186 1.16869 0.85809 0.12114 4.37888 0.14406 4.33758 3.47499 3.60569 1.95487 4.03054 4.08853 3.50066 1.88451 0.77341 4.21649 1.70693 4.69477 1.30943 1.11502 4.24918 2.73416 0.18920 3.33318 1.79221 2.89497 4.17948 0.85808 2.70962 4.19477 1.46904 3.38378 0.02670 2.83324 4.58386 2.31461 1.27748 0.23786 0.22025 2.09289 4.30145 3.54526 2.29085 4.43778 2.91021 4.55790 4.11479 3.30457 1.34892 1.80776 2.51778 2.10869 1.25211 3.49536 0.43181 2.61963 4.80117 3.74901 0.57711 4.10976 4.50192 3.56742 2.79303 2.86177 2.15033 0.62112 1.27107 2.09537 4.39340 1.65123 4.18520 3.19486 1.83775 4.82786 1.25475 0.81013 0.94161 0.12668 0.49776 
1.68861 0.63850 3.49834 3.50868 0.41924 3.86044 0.79657 3.24614 3.51793 2.61167 4.96634 3.67101 3.70527 2.96872 0.48272 2.19780 0.92527 0.44187 2.25948 0.88605 4.24616 4.12819 0.57230 2.67276 2.16674 1.34905 4.97443 0.17121 4.59246 0.05652 2.58496 1.85200 0.39167 3.33178 4.51460 0.71447 2.34839 2.03265 3.07057 0.26390 1.01882 0.73319 3.97281 1.23659 4.56152 2.93858 2.98486 1.76609 1.29350 0.58388 3.55465 1.27868 4.47514 3.10683 3.54565 4.33030 0.55045 3.88529 2.26399 3.35099 1.87169 1.65061 2.43087 2.11432 1.37818 2.12329 1.76512 3.97851 4.04116 2.70006 0.51263 2.10316 4.34595 0.57669 4.74704 2.99228 0.07723 1.38283 2.06083 4.68045 4.07681 0.79071 0.43288 2.51001 2.02921 1.83385 0.49534 1.85152 2.22830 4.92245 4.10122 4.92559 2.41909 3.99651 2.31750 4.48143 3.37705 4.53375 0.61548 2.88441 
3.93578 1.66393 0.12627 2.79151 3.53507 0.01495 3.24614 3.77089 2.48618 3.80970 0.83357 2.89451 0.80585 3.99436 3.65974 2.09342 4.32723 3.45617 2.89905 1.64771 2.08132 0.99807 0.56519 2.70764 2.94588 2.80831 4.49226 0.76269 3.10042 1.55417 0.03939 3.41636 3.40373 4.69517 0.85447 0.74754 3.29231 2.60132 4.82100 1.77669 3.49070 0.26205 3.55528 2.98790 4.00578 4.59093 1.19577 0.15463 1.96116 0.31007 1.81108 2.99993 1.62015 1.45335 1.64226 4.31625 3.89306 1.80455 1.94945 3.85379 0.06361 0.30964 3.32841 3.54154 3.87787 2.22226 0.64065 4.86572 2.38447 1.58921 2.81880 2.63462 0.50746 2.61516 4.68985 4.99704 1.67043 3.50012 3.04067 3.74785 0.41441 4.88285 0.63790 2.39607 1.79140 1.99113 0.02645 3.63776 1.94339 4.76635 1.15383 1.17171 3.15331 3.44314 4.20179 4.82707 2.38379 4.50246 2.21890 3.79750 
3.98740 1.86810 2.50907 0.16159 0.33772 2.11426 3.51793 2.48618 2.89388 2.33266 4.02008 2.15969 3.57763 2.91122 0.39987 2.51041 2.72507 0.02099 3.55790 4.40472 3.63181 0.92792 3.08809 0.69099 0.93336 3.64022 0.28085 3.89047 2.40990 2.23698 1.44168 0.48946 2.88532 0.77079 4.56481 0.63110 0.45650 1.71645 0.90938 0.89739 1.75434 1.23521 3.71522 1.04613 0.01570 3.86011 2.63760 1.05492 3.08387 1.86870 0.16525 0.16702 2.84539 4.20828 0.76640 1.83093 3.23307 3.56990 1.25353 0.17515 2.60035 4.08903 0.60535 4.61669 2.71264 2.28339 1.48312 2.22215 4.65970 2.64826 0.94688 4.83308 0.91196 1.82060 2.44558 2.74600 3.40798 0.22999 0.32252 3.86754 3.74281 1.58708 0.65741 4.91542 1.14422 3.65758 1.83667 2.02856 0.28095 1.35108 4.40110 0.41027 3.98960 1.86214 4.32273 1.63425 3.57336 3.16237 2.28857 1.47701 
2.35632 0.78116 4.17643 0.59254 1.59120 4.57011 2.61167 3.80970 2.33266 3.39192 4.60601 3.95816 3.53580 4.39740 2.40988 3.67264 3.08599 2.08386 2.75730 0.14774 2.21775 4.90755 0.79314 4.21986 0.06154 0.64197 0.68571 2.43858 4.11363 1.78573 3.67445 3.92855 4.25551 0.11471 4.87040 1.46564 0.92946 0.72368 2.87788 4.62632 2.19190 2.54040 2.73728 1.44315 4.57642 0.80840 3.50562 4.51371 4.12262 4.55965 2.07636 4.51529 2.78068 3.65659 4.75363 3.63424 1.10329 4.74200 4.12884 3.35832 4.55955 2.94946 0.02568 1.24568 2.52347 2.69260 2.57912 2.78711 2.53222 0.35617 0.86887 3.94340 2.50699 2.48256 1.23895 3.76015 4.46738 3.70230 2.38312 2.04392 4.73560 4.45518 0.16857 4.10043 4.56116 2.63953 4.79366 1.17515 1.54345 3.00027 3.34412 4.45321 0.68565 1.00270 1.81769 1.23974 4.57983 3.46045 0.75132 0.48758 
0.60252 2.52374 0.40624 0.21372 0.62061 0.39051 4.96634 0.83357 4.02008 4.60601 2.25189 3.50302 1.30521 0.91867 0.94410 3.93519 3.96167 3.11482 4.39038 2.39890 2.38866 2.66464 0.45952 2.38291 1.83096 2.54476 2.86842 2.31053 1.03732 0.69826 1.67158 1.08577 1.94882 4.33018 0.53530 3.39986 2.47988 2.86464 1.23157 4.23869 3.86359 1.16000 0.11492 4.72464 4.43182 1.33420 3.55775 0.15120 1.90869 3.05315 4.84984 0.69329 4.44475 2.03838 0.05388 2.30985 3.66448 0.77826 2.84167 4.19683 2.98035 3.41991 4.70919 3.33865 4.70403 2.77819 2.92974 0.17470 1.00442 1.54647 0.60368 2.71669 1.29158 4.61384 4.60330 3.08327 1.99485 0.88803 4.69950 2.96413 0.12942 1.95832 1.75219 0.97900 3.26250 3.08998 1.31132 4.89200 3.08166 3.47029 0.02643 2.70256 0.39482 4.88808 2.81820 0.42604 0.04287 3.45451 0.19775 2.95599 
0.32312 0.23896 1.38686 0.44035 0.82919 1.52108 3.67101 2.89451 2.15969 3.95816 3.50302 1.44961 0.90545 4.50402 1.46109 4.76495 1.07796 0.19377 2.90182 4.24991 2.44837 3.89549 0.18024 1.50735 3.05144 1.41084 1.28118 0.76092 4.57433 3.60413 0.28157 4.83388 0.10939 0.50161 2.94758 2.06586 0.64479 0.47265 4.59549 0.74329 4.32496 1.08105 3.14332 0.90020 1.29431 2.77647 2.64679 4.59192 4.28250 0.69782 1.80782 1.05229 3.24917 1.33737 1.81832 4.94263 3.39626 1.97708 2.70004 4.19331 2.71037 4.66912 2.90675 2.55814 3.21212 3.05738 2.14159 4.86043 3.07985 2.69376 0.02606 0.24534 3.35804 1.31555 1.74306 3.38480 2.65303 3.14246 1.01057 2.15331 2.91954 0.90244 3.56261 4.52924 4.52711 4.48642 2.69709 0.42909 4.40772 3.79660 4.76434 1.48063 3.38161 4.13070 0.72419 2.84341 1.16069 0.92392 1.99329 0.62808 
1.28475 2.48583 0.42488 0.60384 3.91913 2.63945 3.70527 0.80585 3.57763 3.53580 1.30521 0.90545 1.97611 0.64817 0.77709 2.11296 1.97293 4.38829 3.36450 2.25032 4.18004 4.03066 2.52744 1.16613 2.98275 4.01175 3.17555 0.83427 1.10003 3.29098 3.87031 3.52584 1.36441 1.19193 1.19514 1.25199 2.40297 1.26223 1.44416 4.31644 3.16957 0.55077 4.65479 3.43380 1.24602 2.10956 3.83464 0.14041 3.74145 4.97024 1.87613 3.49336 3.31978 2.89501 1.30953 0.21666 3.48594 2.38925 1.80353 3.48349 3.38669 1.51723 0.40952 1.72341 4.42502 3.17054 3.57964 0.09209 1.35411 4.48576 3.22828 4.24715 3.88096 4.93712 4.70108 4.62286 4.35967 4.28351 4.75551 1.60307 0.84388 2.52483 0.22204 2.54875 1.56670 2.52106 2.22778 4.06312 3.06050 4.10100 3.93555 0.77398 4.36803 1.69311 3.03444 0.20436 3.64857 0.55886 0.45520 4.49570 
0.08049 1.88795 4.03139 0.73107 2.86033 4.13792 2.96872 3.99436 2.91122 4.39740 0.91867 4.50402 0.64817 1.47905 0.10991 2.36000 0.17355 0.08919 4.01283 4.64477 3.21766 0.96417 1.49561 3.40903 1.15293 0.77872 2.59230 1.89857 2.03506 4.58565 2.82051 1.75612 1.20785 4.93174 2.75951 4.36244 4.78414 3.98976 1.16566 1.09101 4.49851 0.51864 2.06191 4.30348 0.02923 3.15234 2.80611 0.38771 4.04616 2.09405 4.57017 1.48588 4.14668 2.19451 0.24291 2.31641 2.85849 0.82636 3.24982 1.59101 2.95710 4.14866 0.61410 4.53849 0.23899 2.77412 3.16842 2.43185 4.45621 3.50636 1.77155 4.37716 2.53259 3.47147 1.74891 3.95484 0.19926 3.41150 0.32314 3.24044 1.39200 2.18294 2.24643 1.79685 1.80543 2.17575 4.10862 0.08778 2.88923 2.76661 4.24736 2.47054 1.86555 4.38816 4.90276 3.17833 2.44173 4.94548 0.26796 1.08824 
4.23813 4.73936 1.97226 0.35642 3.50137 3.22650 0.48272 3.65974 0.39987 2.40988 0.94410 1.46109 0.77709 0.10991 0.26063 2.26659 0.62095 1.31611 3.57455 4.92801 0.46444 4.90272 2.52814 4.05596 4.93989 4.81633 2.99805 2.74204 3.05729 2.84268 1.44938 3.21670 1.04007 2.45692 0.34469 0.35016 1.31939 2.65128 1.47352 4.86659 0.12703 3.75089 3.17908 4.60003 3.88121 3.19817 2.94259 4.44024 4.49463 0.97744 1.57230 2.32975 3.66564 0.02839 4.33660 2.81237 4.15641 2.54363 1.61436 1.49631 1.98093 2.23624 0.91901 2.19491 0.49001 3.41356 3.72792 2.02401 3.17231 3.30749 2.23024 2.96243 4.91479 4.53809 4.54216 3.18038 1.76112 2.66062 3.85056 3.18644 0.35439 1.44576 0.38703 0.67866 3.18495 3.23567 0.73346 0.06630 3.12334 2.41448 1.17654 1.37842 1.09295 3.62874 0.19682 0.63316 2.92114 3.93347 0.56363 1.41066 
0.77407 4.32992 1.24880 4.80800 1.27873 3.32252 2.19780 2.09342 2.51041 3.67264 3.93519 4.76495 2.11296 2.36000 2.26659 3.64771 0.95098 2.35168 3.07259 3.81724 0.48607 1.77005 4.78841 3.43831 2.80261 4.34679 4.76324 4.46672 2.03705 3.42103 4.08081 0.41880 3.49591 2.31223 3.66041 1.30944 0.99128 1.04789 2.52655 4.75209 0.93532 1.29642 0.96727 4.17394 0.80603 2.66074 3.04139 1.56140 1.36860 3.80830 0.13125 4.53315 0.88539 0.93913 3.93501 2.36968 4.55979 1.79994 0.07876 2.63980 1.86267 0.14008 3.79410 3.44199 1.80308 0.05489 4.25892 0.90758 1.88568 2.78103 3.91121 4.33667 3.59585 0.98359 1.50541 2.19778 3.05966 4.51954 0.84328 0.71816 2.71997 1.76972 4.94513 3.12147 2.77393 0.42198 4.16884 3.88775 1.94239 4.65968 1.18356 4.07373 2.24098 1.99034 0.27974 0.54790 3.53907 4.94263 3.77861 4.47892 
2.83915 1.72500 4.36627 3.36063 2.65229 0.42837 0.92527 4.32723 2.72507 3.08599 3.96167 1.07796 1.97293 0.17355 0.62095 0.95098 4.21031 1.89906 2.09078 0.03191 0.37082 3.82949 2.57871 3.64530 3.48469 2.38335 1.88022 2.60241 0.29528 0.00656 3.84509 4.70212 2.56236 3.61581 0.08390 1.45086 2.28617 4.11331 0.20456 1.32406 0.45667 0.20979 1.75774 2.71447 3.74909 4.77360 4.38613 4.33537 0.50314 2.19622 4.59616 2.16792 4.17248 3.09572 1.38338 2.83011 2.75410 1.43474 2.84787 4.24446 0.43332 4.74917 0.15418 2.14511 3.38235 0.44041 0.20600 3.69407 3.78861 4.82452 3.22030 3.87861 2.36773 3.03417 1.76625 2.49592 2.82724 0.68776 0.56175 1.16034 1.62443 0.05814 0.44417 4.60856 0.43106 1.95160 3.01416 0.54772 3.64173 3.63620 1.82237 3.76277 1.09963 4.50349 4.97214 0.24798 0.65738 0.10562 3.25825 4.78085 
3.64960 0.65986 3.47646 1.11658 3.81686 3.58087 0.44187 3.45617 0.02099 2.08386 3.11482 0.19377 4.38829 0.08919 1.31611 2.35168 1.89906 2.83018 2.25399 1.57763 2.84757 1.36006 4.79750 3.22482 1.84031 0.11224 0.89869 1.72955 4.36782 1.12644 1.30160 0.27993 2.69103 1.49612 2.52334 0.18921 0.25977 2.83828 3.71547 2.76316 1.08180 1.62481 3.32391 4.77619 2.90143 3.39625 2.64839 0.30529 0.55566 3.58090 4.06221 3.14979 4.26688 1.14973 4.42712 1.50158 1.33287 2.89336 4.13248 2.95394 1.69966 1.59571 3.03377 3.64812 3.21625 4.57318 0.27533 4.16641 4.14157 2.86488 0.79529 0.26951 1.32572 4.10296 0.04313 3.33836 0.74330 3.70919 1.73930 0.27657 2.99713 2.39190 3.09423 1.03589 3.51484 4.93294 0.83318 3.98430 3.36506 3.32642 0.27363 1.20265 0.56121 0.46808 3.03108 0.89319 3.99004 0.69539 1.22341 4.35102 
1.52585 0.96124 2.24994 4.07133 1.57257 1.90916 2.25948 2.89905 3.55790 2.75730 4.39038 2.90182 3.36450 4.01283 3.57455 3.07259 2.09078 2.25399 1.49288 1.58439 3.16772 2.09114 3.38794 3.95035 0.95911 0.45914 1.80082 2.04669 1.25862 1.36850 0.47220 4.47224 4.44645 2.20184 3.34212 3.38361 2.69281 3.65540 1.72947 0.76000 0.71798 4.67612 3.59515 2.81625 4.13752 2.18840 0.41508 2.23039 4.48019 4.09485 2.01200 1.81027 3.71303 1.89256 1.17637 2.12419 3.47901 0.01753 2.62115 0.66096 3.14197 0.82539 1.29089 0.35085 4.11545 3.56263 3.01492 3.99860 0.12869 4.17079 0.14051 1.97185 0.93269 2.70326 0.99372 3.61012 1.18255 1.19384 1.63362 1.42236 2.63240 0.18669 1.43309 3.51320 3.46303 4.77149 0.03443 1.50153 3.22019 4.83759 2.39012 2.79002 3.99543 0.59950 3.06198 4.62361 1.72891 3.00605 1.07151 4.29063 
1.56084 3.69337 1.69937 1.09076 2.29841 1.66005 0.88605 1.64771 4.40472 0.14774 2.39890 4.24991 2.25032 4.64477 4.92801 3.81724 0.03191 1.57763 1.58439 0.78221 3.94273 2.18079 1.81531 2.72324 3.70365 2.04909 1.94971 2.91847 0.84333 3.72099 2.46916 2.45028 3.53430 2.02689 1.12528 0.80904 3.03106 0.83792 4.91840 2.06817 0.87127 2.53939 0.06445 2.98022 1.38984 0.34939 4.48566 4.85842 2.85781 4.19196 1.32883 2.78114 1.72647 0.17338 1.77607 3.70742 3.71613 3.44216 4.77075 1.47742 3.76018 2.42990 4.63471 3.42897 3.53767 0.46456 3.44191 3.85431 4.70599 4.26763 2.36904 4.69175 3.19773 4.34178 0.63690 3.46692 2.55992 3.12934 0.54876 2.41448 3.28808 4.68127 0.12697 2.10189 1.21088 0.47982 3.93896 1.49647 2.99382 1.76954 2.52295 1.84778 4.80194 2.98555 3.89645 1.66201 3.65380 0.54492 3.62136 3.41099 
4.58222 0.67697 4.99947 4.82827 2.39631 4.57072 4.24616 2.08132 3.63181 2.21775 2.38866 2.44837 4.18004 3.21766 0.46444 0.48607 0.37082 2.84757 3.16772 3.94273 2.34263 2.75773 4.86528 1.01502 1.33906 1.99492 0.53405 0.95919 0.43440 3.54836 2.44387 4.62343 3.15939 4.06566 3.37931 1.82620 2.11297 2.72389 2.86492 0.08307 3.16549 2.80880 4.32091 3.87023 3.23401 4.43142 0.62801 1.54672 0.65278 3.28496 1.78196 4.14168 4.53294 2.61994 2.45615 2.14651 1.39239 3.69320 0.73147 4.78703 2.47473 3.48201 1.70891 2.08643 0.81598 0.30224 0.04414 0.79243 0.27631 0.44118 2.87816 0.93656 2.46340 0.02211 0.06765 4.25325 2.03213 1.02594 0.81697 2.82179 0.06538 1.87355 2.69694 1.34541 2.70236 3.84349 3.90758 2.26532 2.47835 3.18794 2.45092 1.06960 4.83351 0.39440 4.46160 1.42052 2.31455 1.10187 0.27494 4.14139 
0.23895 4.31659 4.70535 0.06646 4.15425 3.90186 4.12819 0.99807 0.92792 4.90755 2.66464 3.89549 4.03066 0.96417 4.90272 1.77005 3.82949 1.36006 2.09114 2.18079 2.75773 4.27333 0.65444 3.26348 1.30503 1.51753 4.79805 2.05088 1.10820 1.81386 3.18994 3.31788 0.43680 0.32196 3.98853 1.08695 0.88827 0.65157 0.07086 0.54224 3.96428 0.00609 4.33594 3.18045 4.44754 0.78799 3.99852 1.35751 4.98161 4.59642 0.86536 4.19926 3.25666 1.01159 4.87470 3.87364 2.22453 2.21618 0.93173 3.51185 3.50390 1.89885 0.50477 0.64036 4.75374 3.08285 3.97701 2.01023 4.77850 4.35220 1.24932 1.73962 4.55015 3.25452 1.13621 0.91707 1.08485 2.55226 1.21732 2.33327 2.16965 1.10104 3.73299 2.04518 2.59947 2.84388 4.02821 3.64708 3.73529 2.13301 0.84325 1.68689 3.54079 0.99813 4.26137 0.77231 4.58068 2.26008 2.39901 3.85044 
4.70084 4.65658 4.31396 4.89723 1.63780 1.16869 0.57230 0.56519 3.08809 0.79314 0.45952 0.18024 2.52744 1.49561 2.52814 4.78841 2.57871 4.79750 3.38794 1.81531 4.86528 0.65444 4.88608 4.49643 1.45819 4.59620 0.80087 4.77009 0.75501 4.13217 0.44023 3.96849 1.94556 3.63492 4.81566 2.32103 0.24717 3.11548 0.93806 3.68230 4.80909 4.53560 4.80496 2.02049 1.03437 2.82160 3.44455 0.03224 2.05998 2.53845 0.53735 4.23059 0.43434 1.40211 2.30696 4.30045 4.41195 0.24578 4.67982 4.08095 2.03927 4.95948 3.30808 1.57703 3.11253 4.63139 4.15093 3.79845 0.12855 1.10944 4.47167 1.61618 4.95782 3.34229 0.45890 3.86974 4.28346 1.65772 0.17930 4.57825 1.96067 1.99380 1.25282 1.74075 1.65273 1.55381 4.87172 0.06187 4.13910 4.33998 2.50709 3.22743 2.01810 3.10577 3.62888 1.56539 3.54539 1.91319 1.85817 4.06266 
3.55727 2.47333 0.83855 2.51509 1.76806 0.85809 2.67276 2.70764 0.69099 4.21986 2.38291 1.50735 1.16613 3.40903 4.05596 3.43831 3.64530 3.22482 3.95035 2.72324 1.01502 3.26348 4.49643 3.66531 3.29230 4.34899 0.53394 4.96552 3.96967 3.61746 2.03676 1.07882 2.89257 0.08035 4.44580 3.68471 2.35248 4.89520 4.00237 3.64736 4.06894 0.29882 1.97107 3.33680 4.18891 0.08783 1.60908 2.89277 2.98419 1.56925 0.09618 2.13347 3.17622 2.70476 0.00946 4.21572 1.01240 1.08111 3.24890 3.70394 2.57785 4.14037 4.93515 2.79015 2.11130 1.00642 2.88185 4.36666 4.95161 3.53335 0.48007 2.03155 4.96414 2.49233 2.67637 1.90130 0.06199 1.29762 2.64795 2.01484 1.57023 0.37139 4.51391 1.79320 3.39074 1.25793 2.22169 4.32406 4.06591 3.34910 3.62886 0.48132 3.15296 2.57808 4.79507 4.07845 3.69161 4.51142 2.90456 1.35722 
3.39557 1.44874 3.23084 0.57601 2.22969 0.12114 2.16674 2.94588 0.93336 0.06154 1.83096 3.05144 2.98275 1.15293 4.93989 2.80261 3.48469 1.84031 0.95911 3.70365 1.33906 1.30503 1.45819 3.29230 3.75033 2.83066 0.87009 4.29875 4.98545 3.48424 1.10318 3.13414 3.14889 2.62481 4.76841 2.35266 4.48040 4.47219 2.93071 1.73393 0.75553 0.18208 2.73120 2.94976 1.40935 3.70602 0.22977 1.02394 0.98568 1.13017 2.98882 2.04403 3.18131 0.53579 3.26591 4.57697 0.86404 4.57079 3.77045 1.04590 0.68202 3.52131 4.02702 0.12416 2.68066 1.17001 4.19332 0.94608 2.77349 1.39181 4.69098 0.52448 4.93712 2.61807 2.72229 1.30983 0.71957 3.67357 3.93314 4.88356 1.55996 4.31078 3.42264 4.61297 1.64838 2.11734 1.54327 0.92074 0.63373 4.51556 1.54259 2.05996 0.57757 1.79636 2.90045 4.80523 4.71104 3.60248 2.05659 2.84949 
2.62683 2.33033 0.47685 1.20205 2.01370 4.37888 1.34905 2.80831 3.64022 0.64197 2.54476 1.41084 4.01175 0.77872 4.81633 4.34679 2.38335 0.11224 0.45914 2.04909 1.99492 1.51753 4.59620 4.34899 2.83066 2.97458 4.89172 4.21490 2.46048 0.09431 1.14454 2.67649 4.83458 4.30159 0.73314 2.08747 1.77052 2.35185 1.82111 1.49504 0.66174 4.50379 2.62161 1.85994 3.21291 4.73056 3.09473 3.86437 4.76778 3.93943 0.32421 3.43390 2.18985 0.05786 3.57364 3.33215 3.06313 2.82158 1.90244 0.72091 4.73247 0.18770 0.82129 2.45875 3.73665 3.84394 4.71151 1.65354 4.31271 0.03855 1.12888 1.12143 4.38017 2.29694 2.99179 4.73451 1.21336 0.79549 1.42792 2.47447 2.54928 4.64530 3.46208 0.43047 2.27844 3.90464 0.08757 0.07939 3.95265 0.23457 0.72064 1.32701 2.89483 4.07451 3.81468 3.84512 4.69324 1.52174 1.06100 3.85357 
3.84145 4.29617 2.44994 3.77475 3.93734 0.14406 4.97443 4.49226 0.28085 0.68571 2.86842 1.28118 3.17555 2.59230 2.99805 4.76324 1.88022 0.89869 1.80082 1.94971 0.53405 4.79805 0.80087 0.53394 0.87009 4.89172 4.74031 0.61755 2.25486 2.32530 1.37266 0.98373 1.51815 1.55916 2.17432 2.11413 0.17852 4.60821 0.41380 2.64759 0.57452 0.37450 2.14448 4.56237 4.32858 1.50492 0.65702 3.00767 2.97588 0.03106 2.13545 2.88845 3.10505 2.99172 1.14171 4.94744 3.53421 2.82438 2.99626 4.93597 2.26648 1.89563 3.99769 4.16736 3.62706 1.20689 3.44791 0.82675 3.73962 2.62481 0.53986 0.53552 4.34291 4.27423 0.69538 3.89138 2.44578 3.34079 1.98463 1.72367 1.86686 0.06991 1.84621 2.20479 2.77617 0.34520 4.68843 3.46912 3.75324 0.77440 3.77256 2.13006 1.97835 4.61088 3.44564 4.81169 4.18940 1.26762 4.64449 2.17338 
4.11342 1.40449 1.89958 0.48359 0.86033 4.33758 0.17121 0.76269 3.89047 2.43858 2.31053 0.76092 0.83427 1.89857 2.74204 4.46672 2.60241 1.72955 2.04669 2.91847 0.95919 2.05088 4.77009 4.96552 4.29875 4.21490 0.61755 2.25199 2.32599 0.17812 2.69479 2.21946 3.25816 3.60919 1.88341 1.79465 4.03911 4.29777 3.39122 4.16714 2.15749 0.99420 1.49061 2.38675 0.49455 0.13086 3.31659 0.17349 2.14452 4.97235 3.47482 2.35993 2.52923 1.05480 3.92732 4.84867 1.41321 1.84185 2.27417 3.95409 2.46603 4.41765 4.56491 3.52577 4.42550 0.94704 2.90385 3.13574 0.28303 0.88529 3.30476 3.50047 1.10177 1.79377 3.34017 2.92396 4.46437 1.59301 4.09505 3.94195 4.27300 0.09774 4.14378 3.15020 4.84536 1.36578 3.73035 3.86854 1.39139 1.34504 1.94482 0.36411 2.95320 1.31551 4.49427 4.69588 4.45042 4.94135 1.09407 1.29027 
1.95968 3.00268 3.28972 3.53534 4.25615 3.47499 4.59246 3.10042 2.40990 4.11363 1.03732 4.57433 1.10003 2.03506 3.05729 2.03705 0.29528 4.36782 1.25862 0.84333 0.43440 1.10820 0.75501 3.96967 4.98545 2.46048 2.25486 2.32599 4.31421 4.32363 2.62705 2.38564 3.30064 4.17934 4.99545 1.83896 1.94952 2.27409 4.12640 4.15003 2.06417 2.06344 0.37899 1.17928 0.81354 4.41410 2.77370 0.99992 1.14861 0.49715 4.04720 1.79404 4.24264 1.88950 0.69274 0.16386 3.44024 0.45991 2.43400 1.75292 0.57660 4.32609 4.19439 0.55078 2.61670 3.57896 4.65184 4.66450 0.99116 0.31050 2.13827 4.98097 4.16104 0.93617 4.57111 0.89721 3.23718 4.76115 0.55120 4.86761 0.58174 3.04076 1.87512 0.69573 0.42057 2.47435 0.78205 1.39598 1.54752 0.64564 0.96479 0.76146 4.17673 3.58035 4.04446 2.01734 2.13097 4.48872 0.04900 0.71455 
0.14831 0.33609 2.26870 3.58396 1.84739 3.60569 0.05652 1.55417 2.23698 1.78573 0.69826 3.60413 3.29098 4.58565 2.84268 3.42103 0.00656 1.12644 1.36850 3.72099 3.54836 1.81386 4.13217 3.61746 3.48424 0.09431 2.32530 0.17812 4.32363 2.59420 3.25107 2.80067 2.25169 3.12189 3.09987 0.74968 4.60968 0.02475 4.76334 4.07421 0.37646 1.41876 1.53018 1.07527 0.33910 3.48003 1.94107 1.44374 1.56739 0.83604 0.23216 1.67165 1.32361 3.66030 4.07437 1.16687 3.45342 4.27545 2.34788 1.84685 0.36592 2.78622 3.64560 3.61026 1.84924 2.10070 4.34666 2.98353 4.92078 1.31215 4.57960 3.92105 3.63703 3.72827 4.29454 2.60328 1.32223 1.28787 1.27963 0.66480 3.38324 4.90074 4.03519 2.52687 2.70076 0.60528 1.41043 2.97632 1.29679 1.84465 1.21481 4.28675 1.42196 4.61768 3.24665 0.62237 2.56179 0.53149 4.39358 4.19135 
0.23640 1.99420 2.49771 1.90591 4.39858 1.95487 2.58496 0.03939 1.44168 3.67445 1.67158 0.28157 3.87031 2.82051 1.44938 4.08081 3.84509 1.30160 0.47220 2.46916 2.44387 3.18994 0.44023 2.03676 1.10318 1.14454 1.37266 2.69479 2.62705 3.25107 1.88287 4.65144 1.41714 2.25894 1.91085 4.55799 4.45158 4.21501 3.41359 1.74328 3.04491 0.08096 2.54449 3.74149 3.11969 3.19294 0.84884 3.53131 4.60760 4.00841 0.14737 2.38602 4.74371 0.63781 2.05825 2.60366 3.32467 0.53057 0.80408 1.31661 0.32514 2.86248 2.35337 0.76601 0.51547 0.33870 1.07515 1.20209 3.47226 2.99290 0.22624 0.62766 3.16596 4.91766 4.35813 1.39085 1.14275 2.88591 2.31618 3.62559 3.89238 0.33818 4.92921 3.46923 2.96210 0.92839 2.85035 2.10689 3.59636 1.59399 4.73748 2.01890 1.46166 0.18772 4.05864 2.37214 0.36875 2.96203 3.10715 1.59748 
2.95617 0.72487 0.59433 0.22718 0.82525 4.03054 1.85200 3.41636 0.48946 3.92855 1.08577 4.83388 3.52584 1.75612 3.21670 0.41880 4.70212 0.27993 4.47224 2.45028 4.62343 3.31788 3.96849 1.07882 3.13414 2.67649 0.98373 2.21946 2.38564 2.80067 4.65144 1.79615 1.40754 4.22413 0.64592 2.61845 4.02863 0.99198 3.79565 3.37234 4.89881 4.09835 4.78517 3.97766 2.22118 4.32208 1.33440 2.34908 4.46268 0.38358 1.16230 2.26630 0.91221 0.28453 2.55776 3.15331 0.10042 1.86491 3.56697 4.68637 2.42151 1.08787 4.34899 3.99761 4.41439 4.56034 4.15915 1.46057 2.53215 1.87402 4.45253 0.88177 0.28530 1.95015 0.47557 0.32998 2.45736 2.96253 0.41925 1.71442 4.62255 4.94481 2.24287 4.68192 0.54789 1.53804 1.90913 2.00005 4.72770 3.75620 2.28288 3.59183 4.41321 4.22548 0.88343 1.00272 0.08562 0.24742 2.10875 2.73200 
3.36801 4.84861 1.33441 1.24808 3.93264 4.08853 0.39167 3.40373 2.88532 4.25551 1.94882 0.10939 1.36441 1.20785 1.04007 3.49591 2.56236 2.69103 4.44645 3.53430 3.15939 0.43680 1.94556 2.89257 3.14889 4.83458 1.51815 3.25816 3.30064 2.25169 1.41714 1.40754 4.54498 4.73621 0.29741 2.41998 3.20347 4.65450 4.90588 0.92505 2.97743 4.91450 1.26514 1.37841 3.45445 4.79630 1.46698 3.10172 4.99697 3.06470 1.30940 4.99724 2.75176 4.01928 3.30825 1.55993 3.42199 0.39817 2.23260 1.85703 1.27718 1.15974 1.63193 3.71634 3.51394 4.80294 0.34877 1.45758 0.41971 1.74848 1.02029 0.99155 2.15207 0.90949 4.30198 3.15242 3.54152 4.53156 2.74709 0.07675 2.50664 1.60321 1.46317 0.10712 3.18144 1.13570 4.37469 4.59219 0.07944 3.71659 2.94518 2.54406 0.83092 4.36786 4.86861 2.06673 2.64512 4.62387 4.60494 0.90867 
3.76446 3.19301 0.91600 0.78228 2.81187 3.50066 3.33178 4.69517 0.77079 0.11471 4.33018 0.50161 1.19193 4.93174 2.45692 2.31223 3.61581 1.49612 2.20184 2.02689 4.06566 0.32196 3.63492 0.08035 2.62481 4.30159 1.55916 3.60919 4.17934 3.12189 2.25894 4.22413 4.73621 2.47289 2.20627 2.80590 3.24320 0.32360 1.85619 2.01210 3.62036 4.66087 0.01325 4.37985 2.94541 2.74081 4.65702 1.25498 0.75602 2.03385 2.88076 2.81060 4.13059 2.99444 4.60573 4.62755 4.35460 2.81197 3.30497 1.45977 4.29478 2.93078 2.05144 0.69526 3.02848 3.99854 1.57926 4.41709 1.09917 1.06048 1.11972 1.97302 3.22085 2.72595 2.39312 0.57768 1.94149 3.29339 3.48148 0.46490 1.75736 4.42623 1.12964 0.26118 0.20956 2.55648 4.90644 1.61344 4.30675 2.28122 2.26530 2.23716 4.12274 1.27389 3.86281 0.78510 1.98675 0.71328 0.09312 3.61619 
3.31315 0.68782 1.80095 1.35407 4.34362 1.88451 4.51460 0.85447 4.56481 4.87040 0.53530 2.94758 1.19514 2.75951 0.34469 3.66041 0.08390 2.52334 3.34212 1.12528 3.37931 3.98853 4.81566 4.44580 4.76841 0.73314 2.17432 1.88341 4.99545 3.09987 1.91085 0.64592 0.29741 2.20627 2.39268 0.63438 3.07035 3.27906 3.63017 3.51418 3.71395 0.44164 4.41554 2.54915 2.96563 3.98804 4.16042 4.57794 3.87044 2.97485 1.34629 4.21151 0.49642 1.26263 0.11685 1.10295 3.73461 1.60444 3.19905 1.21031 2.52639 1.23486 1.61691 0.55941 4.20187 2.03059 1.06798 3.21988 0.40178 3.84199 0.94602 3.67962 1.59354 1.87580 2.66948 1.39222 0.90845 0.05799 1.52495 1.22254 1.92434 0.15604 3.66931 3.71054 3.93075 1.38839 2.22103 2.28767 1.05270 1.10970 1.67704 3.72868 3.61286 2.51284 0.84103 1.50956 4.09904 4.72627 4.36551 4.31689 
3.82642 2.79364 4.44346 2.22628 2.11174 0.77341 0.71447 0.74754 0.63110 1.46564 3.39986 2.06586 1.25199 4.36244 0.35016 1.30944 1.45086 0.18921 3.38361 0.80904 1.82620 1.08695 2.32103 3.68471 2.35266 2.08747 2.11413 1.79465 1.83896 0.74968 4.55799 2.61845 2.41998 2.80590 0.63438 2.71891 1.07042 2.17204 1.55087 0.49075 2.94297 2.90451 1.26229 4.18967 4.97413 0.12146 0.93018 2.87271 2.88446 1.78531 1.83084 4.60195 2.31397 0.34772 0.37004 3.90795 1.70945 1.15699 0.68790 1.35079 1.86198 4.27057 3.53164 4.68586 1.59772 2.99543 4.89571 3.89522 3.42822 2.50314 0.21413 2.05356 3.16186 2.78229 1.05847 4.33512 1.83286 0.55742 1.83996 4.69134 1.10064 3.88428 1.06983 3.91960 1.05788 2.14076 0.32201 4.16386 2.22393 2.49151 3.33232 4.82668 1.22061 0.48288 2.21382 2.49642 3.07425 1.79937 3.76470 0.69959 
4.73803 4.06203 4.40330 1.29317 3.61090 4.21649 2.34839 3.29231 0.45650 0.92946 2.47988 0.64479 2.40297 4.78414 1.31939 0.99128 2.28617 0.25977 2.69281 3.03106 2.11297 0.88827 0.24717 2.35248 4.48040 1.77052 0.17852 4.03911 1.94952 4.60968 4.45158 4.02863 3.20347 3.24320 3.07035 1.07042 0.37181 0.91155 0.38135 2.04911 2.24562 0.09943 0.39073 4.97659 0.76273 3.32911 0.30259 1.59165 1.15805 3.58295 1.81162 3.00941 0.14818 1.33342 2.50108 4.51769 1.48390 0.95409 3.40455 2.32964 2.89698 0.47353 1.54974 1.07993 2.64276 3.40050 0.66070 0.19271 3.16636 1.53373 0.54364 1.37585 3.78184 0.07522 1.67910 3.70623 3.16353 0.79933 2.93317 4.56890 1.44148 1.00646 0.46619 0.43196 3.56560 2.97320 1.13375 2.49107 1.66876 1.27100 4.35593 1.34053 0.49780 3.78438 3.38383 2.34000 3.68685 2.34187 2.56198 3.39300 
0.21810 3.39256 1.94230 2.79962 3.18248 1.70693 2.03265 2.60132 1.71645 0.72368 2.86464 0.47265 1.26223 3.98976 2.65128 1.04789 4.11331 2.83828 3.65540 0.83792 2.72389 0.65157 3.11548 4.89520 4.47219 2.35185 4.60821 4.29777 2.27409 0.02475 4.21501 0.99198 4.65450 0.32360 3.27906 2.17204 0.91155 4.08084 3.35801 1.90972 3.65768 1.35386 3.75266 3.60049 0.82549 2.44917 3.10087 1.57404 4.15752 3.55193 0.60835 2.08123 2.42082 2.31556 3.19730 3.83408 2.25266 0.33619 0.01650 0.15469 1.66568 2.61062 4.80741 1.01684 1.33089 3.14240 2.21301 0.72398 2.71206 1.46208 0.71299 0.62961 1.92015 4.60358 0.01281 3.38308 2.48857 3.79460 0.46580 3.66794 2.89340 1.55782 3.22881 4.92668 3.14030 2.12921 1.05899 4.65745 1.77285 3.64307 2.87126 4.19173 4.21511 1.74015 1.76443 4.47148 2.01086 4.46949 3.26484 0.93758 
2.19353 4.41276 2.06560 0.43809 3.08782 4.69477 3.07057 4.82100 0.90938 2.87788 1.23157 4.59549 1.44416 1.16566 1.47352 2.52655 0.20456 3.71547 1.72947 4.91840 2.86492 0.07086 0.93806 4.00237 2.93071 1.82111 0.41380 3.39122 4.12640 4.76334 3.41359 3.79565 4.90588 1.85619 3.63017 1.55087 0.38135 3.35801 0.65967 3.18766 2.05683 4.80347 1.84861 2.73566 3.70231 0.44853 0.74043 0.38653 4.48044 0.54120 4.98322 1.81267 4.89121 4.55183 2.46272 0.79320 4.90472 3.18946 2.81048 3.25790 4.24409 0.78406 2.92529 0.99846 0.86246 4.91823 1.45256 2.44077 3.01285 4.51015 2.31829 0.99774 4.56717 3.77551 4.12852 2.96306 2.37434 3.90168 2.94930 3.67812 0.76623 1.09711 0.68082 0.83915 4.83696 4.81518 3.76514 2.60854 0.80198 2.16995 1.23161 4.46455 1.75698 1.77593 2.32642 1.04912 3.12494 0.76129 0.01034 2.24625 
1.99104 3.87120 2.08180 3.24546 0.97818 1.30943 0.26390 1.77669 0.89739 4.62632 4.23869 0.74329 4.31644 1.09101 4.86659 4.75209 1.32406 2.76316 0.76000 2.06817 0.08307 0.54224 3.68230 3.64736 1.73393 1.49504 2.64759 4.16714 4.15003 4.07421 1.74328 3.37234 0.92505 2.01210 3.51418 0.49075 2.04911 1.90972 3.18766 2.32855 2.46915 4.08714 3.20573 2.03195 2.21322 3.36766 1.39408 4.14272 1.36805 3.13375 0.14755 0.58632 3.41954 2.87065 3.77958 0.29856 3.38693 4.24575 2.47819 0.51799 1.15225 0.16029 2.95750 3.09338 0.73756 3.25426 4.80524 1.39873 2.88476 4.94475 0.41445 4.51923 0.48843 1.19573 3.28801 3.54096 1.47155 1.10049 3.86070 4.14936 1.67886 2.68428 2.06050 3.87792 1.78655 3.35816 0.91278 0.51103 4.22403 0.25963 2.12373 1.54912 3.69753 3.46138 2.82841 2.70980 2.26159 4.20651 2.38136 0.03688 
3.80478 1.77190 2.73591 0.77130 2.80355 1.11502 1.01882 3.49070 1.75434 2.19190 3.86359 4.32496 3.16957 4.49851 0.12703 0.93532 0.45667 1.08180 0.71798 0.87127 3.16549 3.96428 4.80909 4.06894 0.75553 0.66174 0.57452 2.15749 2.06417 0.37646 3.04491 4.89881 2.97743 3.62036 3.71395 2.94297 2.24562 3.65768 2.05683 2.46915 1.55887 0.00396 0.04998 4.89597 2.03721 1.48703 1.85240 0.47819 0.74244 0.37444 4.18846 2.14500 3.90385 2.97941 4.73656 1.21049 1.59432 1.36727 4.73733 2.46153 4.51805 0.17421 0.93077 1.70117 0.60433 2.05542 3.24418 0.91062 3.85710 0.84364 3.79935 4.75719 2.50641 3.46222 2.88755 3.32996 2.25169 2.97007 4.48561 4.31491 0.48940 4.41830 2.40762 3.68317 0.23161 2.39638 2.81947 2.16966 4.69113 1.74489 0.12133 0.87734 3.61557 2.24410 3.92341 0.72034 1.67322 0.56548 1.31627 2.78631 
2.24312 0.55654 2.05376 3.00131 3.31196 4.24918 0.73319 0.26205 1.23521 2.54040 1.16000 1.08105 0.55077 0.51864 3.75089 1.29642 0.20979 1.62481 4.67612 2.53939 2.80880 0.00609 4.53560 0.29882 0.18208 4.50379 0.37450 0.99420 2.06344 1.41876 0.08096 4.09835 4.91450 4.66087 0.44164 2.90451 0.09943 1.35386 4.80347 4.08714 0.00396 2.94142 1.13436 1.94811 0.17650 4.62938 2.11540 0.66232 2.29706 0.02930 2.64213 2.97961 2.70363 0.66721 1.89259 0.40580 2.42752 0.19770 0.21628 3.05139 2.66698 2.62154 0.37244 0.01841 4.95207 1.41128 0.00562 4.36749 1.47504 3.50666 1.79609 3.66163 4.51476 1.42944 3.64553 3.29723 2.52087 1.89568 3.73355 3.29674 2.91069 0.84564 4.08043 2.43688 1.37275 1.22693 1.22203 2.52198 1.07235 3.76031 4.92381 1.05094 3.67540 0.28072 4.28442 4.25031 4.31019 3.71376 2.69066 3.50285 
0.24284 1.86864 3.18148 4.45898 2.40348 2.73416 3.97281 3.55528 3.71522 2.73728 0.11492 3.14332 4.65479 2.06191 3.17908 0.96727 1.75774 3.32391 3.59515 0.06445 4.32091 4.33594 4.80496 1.97107 2.73120 2.62161 2.14448 1.49061 0.37899 1.53018 2.54449 4.78517 1.26514 0.01325 4.41554 1.26229 0.39073 3.75266 1.84861 3.20573 0.04998 1.13436 3.18846 0.84398 1.54420 4.15486 4.52605 0.42069 1.47666 3.86458 0.01140 1.88605 0.47044 1.40372 1.44298 2.79404 1.30341 1.75456 4.32202 2.40588 1.50997 3.58197 3.37645 0.72367 4.40147 4.59528 3.89056 2.47892 3.99396 3.85573 1.70977 2.08388 3.16030 4.90439 4.22193 3.93151 1.24212 0.37185 2.03043 2.48404 4.33891 2.93774 3.42597 3.50111 0.73019 0.60627 3.83419 3.34784 1.40145 4.98753 4.81882 2.30293 2.53488 1.87521 4.81024 4.00907 0.51842 0.90596 3.81787 0.91615 
2.57196 2.84538 3.01982 0.44680 0.73570 0.18920 1.23659 2.98790 1.04613 1.44315 4.72464 0.90020 3.43380 4.30348 4.60003 4.17394 2.71447 4.77619 2.81625 2.98022 3.87023 3.18045 2.02049 3.33680 2.94976 1.85994 4.56237 2.38675 1.17928 1.07527 3.74149 3.97766 1.37841 4.37985 2.54915 4.18967 4.97659 3.60049 2.73566 2.03195 4.89597 1.94811 0.84398 0.52550 3.50566 4.98360 0.64584 0.85774 0.97214 1.90903 4.42791 0.93255 1.22485 0.40955 4.04005 1.27865 2.04940 4.33667 1.32861 1.99090 0.17349 0.69041 4.34524 3.43717 1.09036 4.69514 4.23885 1.32888 4.57305 4.31620 4.27351 0.61367 0.43880 3.78534 4.06690 4.65442 4.48511 0.71854 2.37091 2.28095 4.05015 1.94058 2.34464 0.07561 3.28889 2.97104 0.34095 1.54550 1.70663 3.52304 4.17077 2.08533 3.47302 0.26958 2.69688 1.11531 4.53824 4.44543 1.40185 2.83830 
1.30913 1.84269 3.55132 1.35219 3.95702 3.33318 4.56152 4.00578 0.01570 4.57642 4.43182 1.29431 1.24602 0.02923 3.88121 0.80603 3.74909 2.90143 4.13752 1.38984 3.23401 4.44754 1.03437 4.18891 1.40935 3.21291 4.32858 0.49455 0.81354 0.33910 3.11969 2.22118 3.45445 2.94541 2.96563 4.97413 0.76273 0.82549 3.70231 2.21322 2.03721 0.17650 1.54420 3.50566 3.08836 4.68249 3.37608 3.37404 4.67759 3.38222 2.47518 0.85372 0.74123 2.17311 2.33383 1.47469 4.67434 4.80025 1.52154 3.68790 3.31965 3.56630 0.54838 1.10496 3.37404 2.06107 0.23181 1.43858 2.73985 1.95574 4.31602 1.72205 4.32670 1.62517 1.27828 2.16623 0.87660 4.03000 4.19195 1.60644 0.43175 4.82340 1.95957 3.44773 0.49785 3.93344 0.44180 3.04220 4.44924 1.75111 1.13762 1.31363 4.46269 4.57167 0.40862 2.29553 4.21092 2.58804 1.46568 3.76285 
2.67772 3.32764 0.80851 2.96043 3.07387 1.79221 2.93858 4.59093 3.86011 0.80840 1.33420 2.77647 2.10956 3.15234 3.19817 2.66074 4.77360 3.39625 2.18840 0.34939 4.43142 0.78799 2.82160 0.08783 3.70602 4.73056 1.50492 0.13086 4.41410 3.48003 3.19294 4.32208 4.79630 2.74081 3.98804 0.12146 3.32911 2.44917 0.44853 3.36766 1.48703 4.62938 4.15486 4.98360 4.68249 0.66155 2.72160 3.77143 3.83389 3.85036 0.05025 2.36849 0.89719 1.17832 0.91253 4.27399 4.40482 3.13785 2.73964 2.22851 2.47289 0.93641 0.80746 1.13622 0.17633 1.05363 2.87283 0.75698 1.32771 3.65416 4.73277 0.02565 4.13038 2.06219 3.24309 4.58385 2.70920 1.27994 4.07937 2.16288 1.29612 4.16050 2.29712 0.68782 0.00374 2.20297 0.53036 0.86212 1.21156 1.66508 2.89347 3.40571 1.74551 3.44328 3.45739 2.56698 0.21021 2.87512 4.64980 1.40994 
4.93215 1.78473 4.46452 4.39594 0.50165 2.89497 2.98486 1.19577 2.63760 3.50562 3.55775 2.64679 3.83464 2.80611 2.94259 3.04139 4.38613 2.64839 0.41508 4.48566 0.62801 3.99852 3.44455 1.60908 0.22977 3.09473 0.65702 3.31659 2.77370 1.94107 0.84884 1.33440 1.46698 4.65702 4.16042 0.93018 0.30259 3.10087 0.74043 1.39408 1.85240 2.11540 4.52605 0.64584 3.37608 2.72160 3.07094 2.71282 4.37218 4.23175 0.74355 3.20333 1.78356 1.22335 1.97631 2.70911 2.01988 0.71936 0.97073 3.10157 3.00370 3.55276 1.83515 2.25419 4.55708 4.74023 0.27348 2.12462 2.32101 2.96573 1.63657 1.92358 3.27045 2.73952 0.18751 0.77354 4.60988 0.20922 4.31720 0.62359 0.46042 3.05578 0.48071 0.33918 2.37715 4.77490 1.37637 4.16990 2.43996 2.61984 1.75395 2.82660 0.47116 3.15232 3.68814 2.29653 2.07962 0.44084 3.99231 3.18284 
3.35616 0.70851 2.92392 0.52655 1.67258 4.17948 1.76609 0.15463 1.05492 4.51371 0.15120 4.59192 0.14041 0.38771 4.44024 1.56140 4.33537 0.30529 2.23039 4.85842 1.54672 1.35751 0.03224 2.89277 1.02394 3.86437 3.00767 0.17349 0.99992 1.44374 3.53131 2.34908 3.10172 1.25498 4.57794 2.87271 1.59165 1.57404 0.38653 4.14272 0.47819 0.66232 0.42069 0.85774 3.37404 3.77143 2.71282 3.39948 0.57971 4.05357 1.68126 3.96795 0.13446 4.95218 4.47338 0.51406 1.00136 1.57267 4.51233 4.05016 4.78917 3.13433 3.35668 2.56987 1.37123 1.35786 4.84073 4.55817 0.53685 2.36320 3.19154 4.06632 2.40441 0.45960 3.46349 4.15169 0.29735 3.66971 0.37855 4.34052 3.37128 2.12942 1.36572 2.45260 1.29991 0.25773 1.08501 1.59681 3.55329 0.70708 1.81225 2.57373 4.14948 2.82359 0.33144 2.92970 2.53554 3.48552 2.02488 4.81869 
4.68390 0.83920 2.23843 0.47579 1.20744 0.85808 1.29350 1.96116 3.08387 4.12262 1.90869 4.28250 3.74145 4.04616 4.49463 1.36860 0.50314 0.55566 4.48019 2.85781 0.65278 4.98161 2.05998 2.98419 0.98568 4.76778 2.97588 2.14452 1.14861 1.56739 4.60760 4.46268 4.99697 0.75602 3.87044 2.88446 1.15805 4.15752 4.48044 1.36805 0.74244 2.29706 1.47666 0.97214 4.67759 3.83389 4.37218 0.57971 2.40252 0.39369 3.52842 4.92503 0.59758 3.88137 2.00704 4.46041 4.84400 1.14684 1.94402 3.60927 4.08257 2.11833 0.48475 1.39409 2.91644 3.39601 3.25490 4.35726 3.77403 0.41701 1.12149 4.50395 3.04168 4.01859 1.28833 1.86611 1.99016 4.37720 1.13418 3.78363 2.89747 0.14450 0.29757 2.45616 1.31773 0.83703 4.18851 3.60623 2.06343 4.83845 3.62999 0.76930 4.65046 4.99872 4.98391 1.05298 0.83476 3.84564 4.44466 0.40116 
